### NP, NF, NT, dt
4 5 660 0.4
### promoter data
#   name
#   type, strength, number of genes
#   factor name
#   k, n
###
p0
1 1.0 1
input
0.9 2
pA
1 1.5 1
A
0.8 2
pB
1 0.8 1
B
0.9 2
pC
0 1.2 1
C
0.75 2
### factor data
#   name
#   degeneration, copy rate, number of genes
#   initial value
#   input type, timing, strength
###
input
0.05 0.1 1
1.0
1 100.0 1.0
A
0.05 0.1 1
0.0
0 0.0 1.0
B
0.05 0.13 1
0.0
0 0.0 1.0
C
0.06 0.2 1
0.0
0 0.0 1.0
output
0.05 0.06 1
1.4
0 0.0 1.0
### input type
1
### input data
### factor:0
0.0
0.0
0.0
0.0
0.0
0.0
0.0
0.0
0.0
0.0
0.0
0.0
0.0
0.0
0.0
0.0
0.0
0.0
0.0
0.0
0.0
0.0
0.0
0.0
0.0
0.0
0.0
0.0
0.0
0.0
0.0
0.0
0.0
0.0
0.0
0.0
0.0
0.0
0.0
0.0
0.0
0.0
0.0
0.0
0.0
0.0
0.0
0.0
0.0
0.0
0.0
0.0
0.0
0.0
0.0
0.0
0.0
0.0
0.0
0.0
0.0
0.0
0.0
0.0
0.0
0.0
0.0
0.0
0.0
0.0
0.0
0.0
0.0
0.0
0.0
0.0
0.0
0.0
0.0
0.0
0.0
0.0
0.0
0.0
0.0
0.0
0.0
0.0
0.0
0.0
0.0
0.0
0.0
0.0
0.0
0.0
0.0
0.0
0.0
0.0
0.0
0.0
0.0
0.0
0.0
0.0
0.0
0.0
0.0
0.0
0.0
0.0
0.0
0.0
0.0
0.0
0.0
0.0
0.0
0.0
0.0
0.0
0.0
0.0
0.0
0.0
0.0
0.0
0.0
0.0
0.0
0.0
0.0
0.0
0.0
0.0
0.0
0.0
0.0
0.0
0.0
0.0
0.0
0.0
0.0
0.0
0.0
0.0
0.0
0.0
0.0
0.0
0.0
0.0
0.0
0.0
0.0
0.0
0.0
0.0
0.0
0.0
0.0
0.0
0.0
0.0
0.0
0.0
0.0
0.0
0.0
0.0
0.0
0.0
0.0
0.0
0.0
0.0
0.0
0.0
0.0
0.0
0.0
0.0
0.0
0.0
0.0
0.0
0.0
0.0
0.0
0.0
0.0
0.0
0.0
0.0
0.0
0.0
0.0
0.0
0.0
0.0
0.0
0.0
0.0
0.0
0.0
0.0
0.0
0.0
0.0
0.0
0.0
0.0
0.0
0.0
0.0
0.0
0.0
0.0
0.0
0.0
0.0
0.0
0.0
0.0
0.0
0.0
0.0
0.0
0.0
0.0
0.0
0.0
0.0
0.0
0.0
0.0
0.0
0.0
0.0
0.0
0.0
0.0
0.0
0.0
0.0
0.0
0.0
0.0
1.0
1.0
1.0
1.0
1.0
1.0
1.0
1.0
1.0
1.0
1.0
1.0
1.0
1.0
1.0
1.0
1.0
1.0
1.0
1.0
1.0
1.0
1.0
1.0
1.0
1.0
1.0
1.0
1.0
1.0
1.0
1.0
1.0
1.0
1.0
1.0
1.0
1.0
1.0
1.0
1.0
1.0
1.0
1.0
1.0
1.0
1.0
1.0
1.0
1.0
1.0
1.0
1.0
1.0
1.0
1.0
1.0
1.0
1.0
1.0
1.0
1.0
1.0
1.0
1.0
1.0
1.0
1.0
1.0
1.0
1.0
1.0
1.0
1.0
1.0
1.0
1.0
1.0
1.0
1.0
1.0
1.0
1.0
1.0
1.0
1.0
1.0
1.0
1.0
1.0
1.0
1.0
1.0
1.0
1.0
1.0
1.0
1.0
1.0
1.0
1.0
1.0
1.0
1.0
1.0
1.0
1.0
1.0
1.0
1.0
1.0
1.0
1.0
1.0
1.0
1.0
1.0
1.0
1.0
1.0
1.0
1.0
1.0
1.0
1.0
1.0
1.0
1.0
1.0
1.0
1.0
1.0
1.0
1.0
1.0
1.0
1.0
1.0
1.0
1.0
1.0
1.0
1.0
1.0
1.0
1.0
1.0
1.0
1.0
1.0
1.0
1.0
1.0
1.0
1.0
1.0
1.0
1.0
1.0
1.0
1.0
1.0
1.0
1.0
1.0
1.0
1.0
1.0
1.0
1.0
1.0
1.0
1.0
1.0
1.0
1.0
1.0
1.0
1.0
1.0
1.0
1.0
1.0
1.0
1.0
1.0
1.0
1.0
1.0
1.0
1.0
1.0
1.0
1.0
1.0
1.0
1.0
1.0
1.0
1.0
1.0
1.0
1.0
1.0
1.0
1.0
1.0
1.0
1.0
1.0
1.0
1.0
1.0
1.0
1.0
1.0
1.0
1.0
1.0
1.0
1.0
1.0
1.0
1.0
1.0
1.0
1.0
1.0
1.0
1.0
1.0
1.0
1.0
1.0
1.0
1.0
1.0
1.0
1.0
1.0
1.0
1.0
1.0
1.0
1.0
1.0
1.0
1.0
1.0
1.0
1.0
1.0
1.0
1.0
1.0
1.0
1.0
1.0
1.0
1.0
1.0
1.0
1.0
1.0
1.0
1.0
1.0
1.0
1.0
1.0
1.0
1.0
1.0
1.0
1.0
1.0
1.0
1.0
1.0
1.0
1.0
1.0
1.0
1.0
1.0
1.0
1.0
1.0
1.0
1.0
1.0
1.0
1.0
1.0
1.0
1.0
1.0
1.0
1.0
1.0
1.0
1.0
1.0
1.0
1.0
1.0
1.0
1.0
1.0
1.0
1.0
1.0
1.0
1.0
1.0
1.0
1.0
1.0
1.0
1.0
1.0
1.0
1.0
1.0
1.0
1.0
1.0
1.0
1.0
1.0
1.0
1.0
1.0
1.0
1.0
1.0
1.0
1.0
1.0
1.0
1.0
1.0
1.0
1.0
1.0
1.0
1.0
1.0
1.0
1.0
1.0
1.0
1.0
1.0
1.0
1.0
1.0
1.0
1.0
1.0
1.0
1.0
1.0
1.0
1.0
1.0
1.0
1.0
1.0
1.0
1.0
1.0
1.0
1.0
1.0
1.0
1.0
1.0
1.0
1.0
1.0
1.0
1.0
1.0
1.0
1.0
1.0
1.0
1.0
1.0
1.0
1.0
1.0
1.0
1.0
1.0
1.0
1.0
1.0
1.0
1.0
1.0
1.0
1.0
1.0
1.0
1.0
1.0
1.0
1.0
### factor:1
0.0
0.0
0.0
0.0
0.0
0.0
0.0
0.0
0.0
0.0
0.0
0.0
0.0
0.0
0.0
0.0
0.0
0.0
0.0
0.0
0.0
0.0
0.0
0.0
0.0
0.0
0.0
0.0
0.0
0.0
0.0
0.0
0.0
0.0
0.0
0.0
0.0
0.0
0.0
0.0
0.0
0.0
0.0
0.0
0.0
0.0
0.0
0.0
0.0
0.0
0.0
0.0
0.0
0.0
0.0
0.0
0.0
0.0
0.0
0.0
0.0
0.0
0.0
0.0
0.0
0.0
0.0
0.0
0.0
0.0
0.0
0.0
0.0
0.0
0.0
0.0
0.0
0.0
0.0
0.0
0.0
0.0
0.0
0.0
0.0
0.0
0.0
0.0
0.0
0.0
0.0
0.0
0.0
0.0
0.0
0.0
0.0
0.0
0.0
0.0
0.0
0.0
0.0
0.0
0.0
0.0
0.0
0.0
0.0
0.0
0.0
0.0
0.0
0.0
0.0
0.0
0.0
0.0
0.0
0.0
0.0
0.0
0.0
0.0
0.0
0.0
0.0
0.0
0.0
0.0
0.0
0.0
0.0
0.0
0.0
0.0
0.0
0.0
0.0
0.0
0.0
0.0
0.0
0.0
0.0
0.0
0.0
0.0
0.0
0.0
0.0
0.0
0.0
0.0
0.0
0.0
0.0
0.0
0.0
0.0
0.0
0.0
0.0
0.0
0.0
0.0
0.0
0.0
0.0
0.0
0.0
0.0
0.0
0.0
0.0
0.0
0.0
0.0
0.0
0.0
0.0
0.0
0.0
0.0
0.0
0.0
0.0
0.0
0.0
0.0
0.0
0.0
0.0
0.0
0.0
0.0
0.0
0.0
0.0
0.0
0.0
0.0
0.0
0.0
0.0
0.0
0.0
0.0
0.0
0.0
0.0
0.0
0.0
0.0
0.0
0.0
0.0
0.0
0.0
0.0
0.0
0.0
0.0
0.0
0.0
0.0
0.0
0.0
0.0
0.0
0.0
0.0
0.0
0.0
0.0
0.0
0.0
0.0
0.0
0.0
0.0
0.0
0.0
0.0
0.0
0.0
0.0
0.0
0.0
0.0
0.0
0.021879918968692454
0.043326586514445625
0.06434858159021395
0.08495431327430192
0.10515202413410758
0.12494979352325936
0.1443555408134652
0.16337702856236688
0.18202186561866657
0.2002975101657677
0.21821127270514779
0.23577031898065653
0.2529816728449088
0.26985221906891943
0.28638870609610334
0.30259774874174283
0.3184858308390021
0.3340593078325467
0.3493244093208064
0.36428724154789716
0.37895378984620076
0.39332992103057723
0.407421385745169
0.42123382076373533
0.43477275124443693
0.44804359293997287
0.4610516543639539
0.4738021389143786
0.4863001469550621
0.49855067785584933
0.51055863199243
0.522328812706554
0.5338659282274317
0.5451745935550896
0.5562593323064304
0.5671245785247414
0.5777746784533698
0.5882138922742788
0.5984463958121767
0.608476282204903
0.6183075635407373
0.6279441724632889
0.6373899637446061
0.6466487158271368
0.6557241323351556
0.664619843556263
0.6733394078935491
0.6818863132890014
0.6902639786187293
0.6984757550605594
0.706524927434551
0.7144147155169689
0.7221482753282361
0.7297287003953842
0.7371590229895055
0.7444422153387019
0.7515811908170157
0.7585788051098181
0.7654378573561214
0.7721610912682718
0.7787511962294714
0.7852108083695667
0.7915425116195359
0.7977488387450962
0.803832272359843
0.8097952459183292
0.8156401446894791
0.8213693067107279
0.8269850237232678
0.8324895420887747
0.8378850636879835
0.8431737468014694
0.8483577069729886
0.8534390178557246
0.8584197120417767
0.863301781875224
0.8680871802490897
0.8727778213865244
0.8773755816065206
0.8818823000744657
0.8862997795378322
0.8906297870473014
0.8948740546636065
0.8990342801503803
0.9031121276532836
0.9071092283656851
0.9110271811811607
0.9148675533330725
0.9186318810214826
0.9223216700276542
0.9259383963163835
0.9294835066264058
0.9329584190491099
0.936364523595794
0.9397031827536885
0.9429757320309687
0.9461834804909769
0.9493277112758639
0.952409682119864
0.9554306258524049
0.9583917508912561
0.9612942417259122
0.9641392593914042
0.9669279419327294
0.9696614048600841
0.9723407415950831
0.9749670239081424
0.9775413023472019
0.9800646066579587
0.9825379461957787
0.9849623103294528
0.9873386688369571
0.9896679722933771
0.9919511524511507
0.9941891226127815
0.9963827779961715
0.998532996092721
1.000640637018336
1.002706543857487
1.0047315430004529
1.0067164444738892
1.008662042264849
1.010569114638388
1.0124384244488815
1.0142707194451763
1.0160667325697
1.0178271822516471
1.0195527726943618
1.0212441941570274
1.0229021232307798
1.0245272231093527
1.0261201438543641
1.0276815226553493
1.0292119840846459
1.0307121403472301
1.032182591525608
1.0336239258198554
1.0350367197829065
1.0364215385511824
1.0377789360706535
1.0391094553184252
1.0404136285199355
1.0416919773618527
1.0429450132007572
1.0441732372676904
1.0453771408686545
1.0465572055811407
1.0477139034467673
1.0488476971601017
1.049959040253746
1.051048377279754
1.0521161439874602
1.0531627674977833
1.0541886664740814
1.0551942512896229
1.0561799241917407
1.0571460794627372
1.058093103577602
1.0590213753586073
1.0599312661268414
1.0608231398507426
1.0616973532916916
1.0625542561467198
1.0633941911883942
1.0642174944019294
1.0650244951195877
1.0658155161524154
1.066590873919372
1.0673508785739014
1.0680958341279985
1.0688260385738166
1.0695417840028696
1.0702433567228717
1.0709310373722647
1.0716051010324767
1.072265817337959
1.072913450584042
1.0735482598326593
1.0741704990159737
1.0747804170379545
1.0753782578739421
1.0759642606682418
1.076538659829784
1.0771016851258912
1.0776535617741887
1.0781945105326936
1.0787247477881214
1.0792444856424437
1.0797539319977314
1.080253290639319
1.0807427613173206
1.0812225398265334
1.0816928180847576
1.0821537842095665
1.0826056225935559
1.0830485139781032
1.0834826355256673
1.0839081608906551
1.0843252602888858
1.0847341005656796
1.0851348452625982
1.0855276546828632
1.0859126859554797
1.0862900930980903
1.0866600270785838
1.0870226358754844
1.0873780645371454
1.08772645523977
1.0880679473442845
1.0884026774520832
1.0887307794596723
1.089052384612229
1.0893676215561026
1.089676616390273
1.0899794927167936
1.0902763716902333
1.0905673720661393
1.0908526102485419
1.091132200336517
1.0914062541698273
1.0916748813736599
1.091938189402478
1.0921962835830035
1.0924492671563495
1.0926972413193186
1.0929403052648816
1.0931785562218577
1.093412089493806
1.093640998497149
1.0938653747985398
1.0940853081514907
1.0943008865322748
1.0945121961751187
1.0947193216066968
1.0949223456799433
1.0951213496071943
1.0953164129926738
1.0955076138643367
1.0956950287050808
1.0958787324833412
1.0960587986830783
1.096235299333173
1.096408305036238
1.0965778849968617
1.096744107049289
1.0969070376845567
1.0970667420770917
1.0972232841107799
1.097376726404522
1.097527130337281
1.0976745560726358
1.0978190625828457
1.0979607076724414
1.0980995480013473
1.098235639107546
1.0983690354292945
1.0984997903269
1.0986279561040646
1.098753584028808
1.0988767243539752
1.0989974263373379
1.0991157382612988
1.0992317074522049
1.0993453802992785
1.099456802273174
1.0995660179441666
1.0996730709999807
1.0997780042632659
1.0998808597087266
1.0999816784799124
1.1000805009056758
1.1001773665163046
1.1002723140593347
1.100365381515049
1.1004566061116705
1.1005460243402545
1.1006336719692842
1.10071958405898
1.100803794975323
1.1008863384038028
1.100967247362891
1.10104655421725
1.101124290690679
1.1012004878788038
1.1012751762615154
1.1013483857151627
1.1014201455245032
1.1014904843944173
1.101559430461391
1.1016270113047701
1.101693253957793
1.1017581849184044
1.1018218301598537
1.1018842151410864
1.1019453648169266
1.10200530364806
1.1020640556108179
1.102121644206769
1.1021780924721194
1.102233422986928
1.102287657884138
1.1023408188584318
1.1023929271749076
1.1024440036775869
1.1024940687977516
1.1025431425621173
1.102591244600844
1.1026383941553886
1.1026846100862013
1.102729910880271
1.102774314658519
1.1028178391830485
1.1028605018642499
1.1029023197677643
1.1029433096213108
1.1029834878213771
1.103022870439779
1.1030614732300892
1.103099311633938
1.1031364007871918
1.103172755526006
1.1032083903927612
1.1032433196418792
1.1032775572455251
1.103311116899197
1.1033440120272036
1.1033762557880347
1.1034078610796247
1.1034388405445117
1.1034692065748943
1.1034989713175898
1.103528146678892
1.1035567443293344
1.1035847757083586
1.1036122520288898
1.1036391842818225
1.103665583240417
1.1036914594646088
1.1037168233052324
1.1037416849081623
1.1037660542183712
1.1037899409839078
1.1038133547597972
1.1038363049118618
1.1038588006204682
1.1038808508841997
1.103902464523456
1.103923650183981
1.1039444163403214
1.1039647712992164
1.1039847232029212
1.104004280032463
1.1040234496108345
1.1040422396061227
1.104060657534576
1.1040787107636114
1.1040964065147614
1.1041137518665622
1.104130753757386
1.1041474189882154
1.1041637542253653
1.1041797660031483
1.1041954607264888
1.1042108446734855
1.1042259239979224
1.1042407047317302
1.1042551927873994
1.1042693939603456
1.1042833139312271
1.104296958268218
1.1043103324292352
1.104323441764121
1.1043362915167845
1.104348886827298
1.1043612327339534
1.1043733341752782
1.1043851959920101
1.1043968229290342
1.10440821963728
1.1044193906755828
1.104430340512507
1.1044410735281336
1.1044515940158115
1.104461906183876
1.1044720141573323
1.1044819219795041
1.1044916336136525
1.1045011529445607
1.104510483780088
1.104519629852693
1.1045285948209265
1.1045373822708955
1.104545995717697
1.104554438606825
1.104562714315547
1.1045708261542573
1.1045787773677993
1.1045865711367646
1.1045942105787647
1.1046016987496783
1.1046090386448735
1.1046162332004061
1.1046232852941944
1.10463019774717
1.1046369733244061
1.104643614736224
1.104650124639277
1.1046565056376132
1.1046627602837167
### factor:2
0.0
0.0
0.0
0.0
0.0
0.0
0.0
0.0
0.0
0.0
0.0
0.0
0.0
0.0
0.0
0.0
0.0
0.0
0.0
0.0
0.0
0.0
0.0
0.0
0.0
0.0
0.0
0.0
0.0
0.0
0.0
0.0
0.0
0.0
0.0
0.0
0.0
0.0
0.0
0.0
0.0
0.0
0.0
0.0
0.0
0.0
0.0
0.0
0.0
0.0
0.0
0.0
0.0
0.0
0.0
0.0
0.0
0.0
0.0
0.0
0.0
0.0
0.0
0.0
0.0
0.0
0.0
0.0
0.0
0.0
0.0
0.0
0.0
0.0
0.0
0.0
0.0
0.0
0.0
0.0
0.0
0.0
0.0
0.0
0.0
0.0
0.0
0.0
0.0
0.0
0.0
0.0
0.0
0.0
0.0
0.0
0.0
0.0
0.0
0.0
0.0
0.0
0.0
0.0
0.0
0.0
0.0
0.0
0.0
0.0
0.0
0.0
0.0
0.0
0.0
0.0
0.0
0.0
0.0
0.0
0.0
0.0
0.0
0.0
0.0
0.0
0.0
0.0
0.0
0.0
0.0
0.0
0.0
0.0
0.0
0.0
0.0
0.0
0.0
0.0
0.0
0.0
0.0
0.0
0.0
0.0
0.0
0.0
0.0
0.0
0.0
0.0
0.0
0.0
0.0
0.0
0.0
0.0
0.0
0.0
0.0
0.0
0.0
0.0
0.0
0.0
0.0
0.0
0.0
0.0
0.0
0.0
0.0
0.0
0.0
0.0
0.0
0.0
0.0
0.0
0.0
0.0
0.0
0.0
0.0
0.0
0.0
0.0
0.0
0.0
0.0
0.0
0.0
0.0
0.0
0.0
0.0
0.0
0.0
0.0
0.0
0.0
0.0
0.0
0.0
0.0
0.0
0.0
0.0
0.0
0.0
0.0
0.0
0.0
0.0
0.0
0.0
0.0
0.0
0.0
0.0
0.0
0.0
0.0
0.0
0.0
0.0
0.0
0.0
0.0
0.0
0.0
0.0
0.0
0.0
0.0
0.0
0.0
0.0
0.0
0.0
0.0
0.0
0.0
0.0
0.0
0.0
0.0
0.0
0.0
0.0
0.02844389465930018
0.0563245624687793
0.08365315606727812
0.11044060725659248
0.13669763137433985
0.16243473158023713
0.18766220305750472
0.21239013713107693
0.23662842530426653
0.26038676321549803
0.28367465451669216
0.30650141467485353
0.3288761746983815
0.3508078847895953
0.3723053179249343
0.3933770733642657
0.41403158009070273
0.43427710018231075
0.45412173211704826
0.47357341401226627
0.49263992680006097
0.5113288973397504
0.5296478014687197
0.547603966992856
0.565204576617768
0.5824566708219647
0.5993671506731401
0.6159427805886922
0.6321901910415807
0.6481158812126041
0.663726221590159
0.6790274565185201
0.6940257066956613
0.7087269716216166
0.7231371319983597
0.7372619520821639
0.7511070819893808
0.7646780599565625
0.7779803145558298
0.791019166866374
0.8037998326029586
0.8163274242022757
0.828606952867988
0.840643330575278
0.8524413720357024
0.864005796623142
0.8753412302616138
0.8864522072757018
0.8973431722043481
0.9080184815787271
0.9184824056649162
0.9287391301720596
0.9387927579267069
0.9486473105139994
0.9583067298863571
0.9677748799403124
0.9770555480621204
0.9861524466427635
0.9950692145629577
1.0038094186487534
1.0123765550983128
1.0207740508804366
1.0290052651053967
1.037073490368625
1.0449819540677958
1.0527338196938278
1.0603321880963228
1.0677800987239463
1.075080530840248
1.082236404715407
1.0892505827943786
1.0961258708419102
1.1028650190648852
1.1094707232124421
1.1159456256543099
1.1222923164377914
1.1285133343238167
1.1346111678024817
1.1405882560884768
1.1464469900968055
1.152189713399182
1.157818723161492
1.1633362710626887
1.1687445641954948
1.174045765949269
1.1792419968753907
1.1843353355355088
1.1893278193329941
1.1942214453279274
1.1990181710359504
1.2037199152112985
1.2083285586143275
1.2128459447638429
1.2172738806745322
1.221614137579795
1.2258684516402594
1.23003852463827
1.234126024658623
1.238132586755823
1.2420598136081262
1.2459092761586328
1.2496825142436856
1.2533810372088252
1.257006324512548
1.2605598263181093
1.264042964073608
1.267457131080585
1.2708036930513624
1.2740839886553461
1.2772993300545121
1.2804510034282883
1.2835402694880438
1.2865683639813899
1.2895364981864956
1.2924458593966155
1.2952976113950225
1.2980928949205368
1.3008328281238364
1.3035185070147326
1.3061510059005885
1.3087313778160559
1.3112606549443035
1.3137398490299044
1.3161699517835461
1.3185519352787294
1.3208867523406098
1.323175336927141
1.3254186045026701
1.3276174524041355
1.3297727602000136
1.3318853900421583
1.333956187010673
1.3359859794519537
1.3379755793100392
1.3399257824513988
1.3418373689832899
1.3437111035658114
1.3455477357177776
1.3473480001165363
1.349112616891849
1.3508422919139522
1.3525377170759156
1.354199570570408
1.3558285171609838
1.3574252084479972
1.3589902831292504
1.3605243672554825
1.3620280744807969
1.3635020063081318
1.3649467523298693
1.36636289046368
1.367750987183698
1.369111597747118
1.3704452664163056
1.3717525266765094
1.3730339014492625
1.374289903301558
1.3755210346508824
1.3767277879661892
1.3779106459648935
1.3790700818059651
1.3802065592791988
1.3813205329907354
1.3824124485449119
1.3834827427225078
1.3845318436554637
1.3855601709981398
1.3865681360951834
1.3875561421460716
1.3885245843663976
1.3894738501459611
1.39040431920373
1.391316363739733
1.3922103485839439
1.3930866313422194
1.3939455625393462
1.3947874857592544
1.395612737782457
1.3964216487207657
1.3972145421493407
1.3979917352361246
1.3987535388687142
1.399500257778719
1.4002321906636586
1.4009496303064453
1.4016528636925016
1.4023421721245577
1.4030178313351767
1.4036801115970508
1.4043292778311147
1.4049655897125168
1.4055893017744936
1.4062006635101851
1.4067999194724368
1.407387309371623
1.4079630681715345
1.4085274261833678
1.4090806091578518
1.4096228383755518
1.4101543307353839
1.410675298841378
1.4111859510877225
1.411686491742124
1.4121771210275176
1.412658035202159
1.4131294266381296
1.4135914838982888
1.414044391811701
1.4144883315475696
1.414923480687708
1.4153500132975738
1.4157680999958977
1.416177908022933
1.4165796013073546
1.4169733405318314
1.417359283197303
1.417737583685981
1.4181083933231042
1.4184718604374718
1.418828130420775
1.4191773457857575
1.419519646223221
1.419855168657904
1.4201840473032539
1.4205064137151135
1.4208223968443456
1.4211321230884146
1.4214357163419475
1.4217332980462936
1.4220249872381017
1.4223109005969377
1.422591152491957
1.422865855027654
1.4231351180887057
1.4233990493839261
1.4236577544893525
1.4239113368904759
1.4241598980236376
1.424403537316605
1.4246423522283436
1.424876438288002
1.425105889133125
1.4253307965471096
1.4255512504959202
1.4257673391640755
1.4259791489899236
1.4261867647002189
1.4263902693440136
1.4265897443258784
1.4267852694384653
1.4269769228944265
1.4271647813576993
1.4273489199741738
1.4275294124017515
1.42770633083981
1.427879746058083
1.42804972742497
1.428216342935284
1.4283796592374507
1.4285397416601682
1.4286966542385398
1.428850459739689
1.4290012196878668
1.4291489943890623
1.4292938429551265
1.429435823327417
1.4295749922999752
1.4297114055422462
1.4298451176213451
1.4299761820238865
1.430104651177379
1.4302305764711964
1.4303540082771355
1.4304749959695642
1.4305935879451723
1.4307098316423315
1.4308237735600702
1.4309354592766748
1.4310449334679207
1.4311522399249443
1.431257421571759
1.4313605204824258
1.4314615778978834
1.4315606342424454
1.4316577291399704
1.431752901429712
1.4318461891818546
1.431937629712743
1.432027259599809
1.432115114696202
1.4322012301451317
1.4322856403939264
1.4323683792078106
1.432449479683413
1.4325289742620053
1.4326068947424786
1.4326832722940641
1.4327581374688005
1.432831520213756
1.432903449883007
1.4329739552493803
1.4330430645159622
1.4331108053273807
1.4331772047808637
1.4332422894370778
1.433306085330753
1.4333686179810978
1.4334299124020058
1.4334899931120624
1.4335488841443529
1.4336066090560753
1.4336631909379638
1.4337186524235257
1.4337730156980946
1.433826302507705
1.4338785341677913
1.4339297315717139
1.4339799151991168
1.4340291051241203
1.4340773210233502
1.434124582183809
1.4341709075105906
1.4342163155344438
1.4342608244191835
1.4343044519689567
1.4343472156353654
1.434389132524446
1.434430219403513
1.434470492707866
1.4345099685473635
1.4345486627128676
1.4345865906825606
1.4346237676281357
1.434660208420867
1.4346959276375575
1.43473093956637
1.434765258212543
1.4347988973039922
1.434831870296803
1.4348641903806119
1.4348958704838835
1.4349269232790813
1.4349573611877375
1.4349871963854213
1.4350164408066095
1.4350451061494607
1.435073203880494
1.4351007452391766
1.435127741242419
1.4351542026889825
1.4351801401637987
1.435205564042203
1.435230484494086
1.4352549114879605
1.4352788547949498
1.4353023239926959
1.435325328469191
1.435347877426532
1.435369979884603
1.4353916446846813
1.4354128804929762
1.435433695804094
1.4354540989444369
1.4354740980755325
1.4354937011973004
1.4355129161512503
1.4355317506236203
1.4355502121484502
1.4355683081105963
1.4355860457486846
1.435603432158007
1.4356204742933585
1.435637178971821
1.4356535528754883
1.4356696025541404
1.4356853344278626
1.4357007547896141
1.4357158698077452
1.4357306855284648
1.4357452078782587
1.43575944266626
1.4357733955865744
1.4357870722205555
1.4358004780390394
1.4358136184045325
1.4358264985733558
1.4358391236977488
1.4358514988279294
1.435863628914115
1.4358755188085013
1.435887173267205
1.4358985969521647
1.4359097944330068
1.4359207701888728
1.4359315286102114
1.4359420740005349
1.4359524105781396
1.4359625424777946
1.435972473752395
1.4359822083745826
1.4359917502383361
1.4360011031605286
1.4360102708824536
1.4360192570713217
1.4360280653217288
1.436036699157092
1.436045162031061
1.4360534573288979
1.4360615883688326
### factor:3
0.0
0.0
0.0
0.0
0.0
0.0
0.0
0.0
0.0
0.0
0.0
0.0
0.0
0.0
0.0
0.0
0.0
0.0
0.0
0.0
0.0
0.0
0.0
0.0
0.0
0.0
0.0
0.0
0.0
0.0
0.0
0.0
0.0
0.0
0.0
0.0
0.0
0.0
0.0
0.0
0.0
0.0
0.0
0.0
0.0
0.0
0.0
0.0
0.0
0.0
0.0
0.0
0.0
0.0
0.0
0.0
0.0
0.0
0.0
0.0
0.0
0.0
0.0
0.0
0.0
0.0
0.0
0.0
0.0
0.0
0.0
0.0
0.0
0.0
0.0
0.0
0.0
0.0
0.0
0.0
0.0
0.0
0.0
0.0
0.0
0.0
0.0
0.0
0.0
0.0
0.0
0.0
0.0
0.0
0.0
0.0
0.0
0.0
0.0
0.0
0.0
0.0
0.0
0.0
0.0
0.0
0.0
0.0
0.0
0.0
0.0
0.0
0.0
0.0
0.0
0.0
0.0
0.0
0.0
0.0
0.0
0.0
0.0
0.0
0.0
0.0
0.0
0.0
0.0
0.0
0.0
0.0
0.0
0.0
0.0
0.0
0.0
0.0
0.0
0.0
0.0
0.0
0.0
0.0
0.0
0.0
0.0
0.0
0.0
0.0
0.0
0.0
0.0
0.0
0.0
0.0
0.0
0.0
0.0
0.0
0.0
0.0
0.0
0.0
0.0
0.0
0.0
0.0
0.0
0.0
0.0
0.0
0.0
0.0
0.0
0.0
0.0
0.0
0.0
0.0
0.0
0.0
0.0
0.0
0.0
0.0
0.0
0.0
0.0
0.0
0.0
0.0
0.0
0.0
0.0
0.0
0.0
0.0
0.0
0.0
0.0
0.0
0.0
0.0
0.0
0.0
0.0
0.0
0.0
0.0
0.0
0.0
0.0
0.0
0.0
0.0
0.0
0.0
0.0
0.0
0.0
0.0
0.0
0.0
0.0
0.0
0.0
0.0
0.0
0.0
0.0
0.0
0.0
0.0
0.0
0.0
0.0
0.0
0.0
0.0
0.0
0.0
0.0
0.0
0.0
0.0
0.0
0.0
0.0
0.0
0.0
2.1274230065851695E-5
1.6637294916708187E-4
5.483255510347223E-4
0.0012679647439147231
0.002413732789418808
0.0040617536828337596
0.006276134765947763
0.009109457754257711
0.01260341839052221
0.016789575376933714
0.02169017231104319
0.02731900049638394
0.033682275221460944
0.040779502993235864
0.0486043219638
0.057145302185894954
0.06638669624132251
0.07630913414068599
0.08689025917948054
0.09810530367693968
0.10992760526640666
0.12232906570856546
0.13528055512607798
0.14875226517410942
0.16271401502596233
0.17713551422054818
0.1919865864355636
0.20723735815656197
0.2228584160401841
0.23882093654582592
0.25509679115457107
0.27165863022311454
0.28847994824548007
0.30553513302517193
0.3227995010009834
0.3402493207249569
0.35786182626333296
0.375615222081933
0.3934886807866243
0.4114623349170215
0.4295172638366694
0.4476354766246321
0.4657998917505194
0.48399431420627687
0.5022034106722842
0.5204126832112114
0.5386084419094803
0.5567777768219606
0.5749085295196387
0.5929892644914998
0.6110092406098764
0.6289583828322568
0.6468272542813228
0.66460702881815
0.6822894642005165
0.6998668758986146
0.717332111623726
0.7346785266112007
0.7518999596870548
0.7689907101373606
0.7859455153910979
0.8027595295200344
0.8194283025533153
0.8359477605995906
0.85231418676555
0.8685242028565402
0.88457475184239
0.9004630810695802
0.9161867261993704
0.9317434958503734
0.9471314569232798
0.9623489205849314
0.9773944288886732
0.9922667420078443
1.006964826059356
1.0214878414945363
1.0358351320347472
1.0500062141297113
1.0640007669169667
1.0778186226614215
1.0914597576545622
1.1049242835534847
1.1182124391405597
1.131324582485185
1.1442611834897425
1.1570228168025256
1.169610155081064
1.182023962589912
1.1942650891176074
1.2063344641981277
1.218233091622781
1.2299620442290604
1.2415224589535678
1.252915532136669
1.2641425150670835
1.2752047097551324
1.2861034649238687
1.2968401722078002
1.3074162625493781
1.3178332027838704
1.3280924924036683
1.3381956604934848
1.3481442628282962
1.357939879126255
1.3675841104491606
1.3770785767434253
1.386424914514789
1.3956247746303683
1.4046798202419055
1.4135917248243912
1.422362170324487
1.4309928454134526
1.439485443839519
1.4478416628748942
1.4560632018528095
1.464151760790233
1.472109039092082
1.47993673433296
1.4876365411126362
1.4952101499816561
1.502659246433649
1.5099855099610529
1.5171906131711381
1.5242762209593537
1.5312439897371581
1.5380955667116385
1.5448325892143377
1.5514566840768393
1.5579694670507696
1.5643725422699883
1.5706675017528469
1.5768559249424845
1.5829393782832388
1.5889194148313284
1.594797573898056
1.6005753807238645
1.6062543461816512
1.6118359665078252
1.617321723059663
1.6227130820975832
1.6280114945910285
1.6332183960467033
1.6383352063579768
1.6433633296743115
1.648304154289638
1.6531590525486435
1.6579293807699904
1.6626164791855294
1.6672216718946138
1.6717462668326666
1.6761915557531883
1.680558814222437
1.6848493016260417
1.6890642611868545
1.6932049199933696
1.6972724890380793
1.7012681632651585
1.7051931216269054
1.7090485271483886
1.7128355269997806
1.7165552525758798
1.7202088195823504
1.7237973281282302
1.727321862824277
1.730783492886751
1.734183272246241
1.7375222396611718
1.7408014188356398
1.7440218185412453
1.7471844327426054
1.750290240726249
1.7533402072326063
1.7563352825908234
1.7592764028561452
1.7621644899496225
1.7650004517999105
1.7677851824869413
1.7705195623872603
1.7732044583208304
1.7758407236991156
1.7784291986742684
1.7809707102892518
1.7834660726287381
1.7859160869706339
1.7883215419380887
1.7906832136518545
1.793001865882868
1.795278250204936
1.7975131061474126
1.7997071613477582
1.8018611317038855
1.803975721526192
1.8060516236891953
1.8080895197826836
1.8100900802623068
1.812053964599531
1.8139818214308907
1.8158742887064712
1.817731993837564
1.8195555538434365
1.8213455754971632
1.8231026554704726
1.82482738047756
1.8265203274178285
1.8281820635175152
1.8298131464701688
1.8314141245759454
1.8329855368796912
1.8345279133077834
1.8360417748037063
1.837527633462336
1.8389859926629162
1.8404173472007026
1.8418221834172623
1.8432009793294102
1.8445542047567713
1.845882321447956
1.8471857832053389
1.848465036008432
1.8497205181358471
1.8509526602858388
1.8521618856954263
1.8533486102580896
1.8545132426400384
1.8556561843950523
1.8567778300778939
1.8578785673562932
1.8589587771215088
1.8600188335974652
1.861059104448473
1.8620799508855341
1.8630817277712386
1.8640647837232578
1.8650294612164422
1.8659760966835286
1.866905020614466
1.8678165576543675
1.868711026700098
1.8695887409955043
1.870450008225301
1.871295130607618
1.8721244049852226
1.8729381229154258
1.8737365707586842
1.8745200297659073
1.8752887761644843
1.8760430812430398
1.8767832114349299
1.8775094284004945
1.8782219891080731
1.8789211459138009
1.879607146640194
1.880280234653541
1.8809406489401086
1.8815886241811783
1.882224390826925
1.8828481751691513
1.8834601994128914
1.8840606817468961
1.8846498364130129
1.8852278737744748
1.8857950003831114
1.8863514190454949
1.8868973288880324
1.8874329254210227
1.8879584006016852
1.8884739428961785
1.8889797373406187
1.8894759656011124
1.8899628060328166
1.8904404337380394
1.8909090206233932
1.8913687354560134
1.891819743918857
1.8922622086650924
1.8926962893715917
1.8931221427915421
1.8935399228061847
1.8939497804756948
1.8943518640892176
1.8947463192140672
1.8951332887441055
1.8955129129473107
1.8958853295125473
1.8962506735955487
1.8966090778641274
1.8969606725426194
1.8973055854555783
1.8976439420707276
1.8979758655411851
1.8983014767469675
1.8986208943357883
1.8989342347631593
1.8992416123318054
1.8995431392304054
1.8998389255716661
1.900129079429744
1.9004137068770215
1.900692912020249
1.9009667970360626
1.9012354622058891
1.9014990059502437
1.9017575248624345
1.9020111137416817
1.9022598656256593
1.9025038718224705
1.9027432219420661
1.9029780039271131
1.9032083040833234
1.9034342071092516
1.903655796125571
1.9038731527038342
1.9040863568947297
1.9042954872558397
1.9045006208789104
1.9047018334166392
1.9048991991089914
1.9050927908090494
1.9052826800084055
1.9054689368621054
1.905651630213147
1.905830827616547
1.906006595362978
1.906178998501985
1.9063481008647905
1.9065139650866894
1.9066766526290484
1.9068362238009098
1.9069927377802092
1.907146252634615
1.9072968253419937
1.9074445118105083
1.9075893668983563
1.9077314444331535
1.9078707972309688
1.9080074771150175
1.9081415349340178
1.9082730205802159
1.9084019830070864
1.9085284702467147
1.9086525294268628
1.9087742067877298
1.908893547698406
1.909010596673032
1.9091253973866635
1.9092379926908492
1.9093484246289256
1.9094567344510347
1.9095629626288686
1.9096671488701462
1.9097693321328266
1.9098695506390637
1.9099678418889066
1.9100642426737504
1.9101587890895422
1.910251516549745
1.9103424597980654
1.9104316529209495
1.9105191293598494
1.9106049219232653
1.910689062798568
1.910771583563604
1.9108525151980886
1.9109318880947894
1.9110097320705053
1.9110860763768438
1.9111609497108
1.9112343802251415
1.9113063955386027
1.9113770227458906
1.9114462884275076
1.9115142186593925
1.911580839022384
1.9116461746115105
1.911710250045108
1.911773089473769
1.911834716589128
1.9118951546324832
1.9119544264032593
1.9120125542673145
1.9120695601650928
1.9121254656196258
1.912180291744387
1.9122340592509999
1.9122867884568033
1.9123384992922772
1.9123892113083296
1.9124389436834492
1.912487715230725
1.9125355444047352
1.9125824493083088
1.9126284476991613
1.9126735569964064
1.9127177942869475
1.9127611763317496
1.9128037195719947
1.9128454401351227
1.9128863538407597
1.9129264762065352
1.9129658224537922
1.9130044075131896
1.9130422460302001
1.9130793523705063
1.9131157406252954
1.9131514246164554
1.9131864179016735
1.9132207337794405
1.9132543852939596
1.9132873852399659
### factor:4
1.4
1.4007920530666667
1.401568422431823
1.4023294186535658
1.4030753461405296
1.4038065032736546
1.404523182525542
1.4052256705774475
1.4059142484339577
1.4065891915353959
1.407250769868001
1.4078992480719266
1.4085348855471
1.409157936556986
1.409768650330295
1.4103672711606792
1.4109540385044512
1.411529187076372
1.4120929469435384
1.4126455436174135
1.413187198144034
1.4137181271924326
1.4142385431413071
1.4147486541639753
1.4152486643116475
1.4157387735950488
1.4162191780644273
1.4166900698879754
1.4171516374287008
1.4176040653197735
1.4180475345383818
1.418482222478126
1.4189083030199772
1.4193259466018329
1.419735320286694
1.4201365878294925
1.4205299097425954
1.4209154433600117
1.4212933429003287
1.4216637595284005
1.4220268414158173
1.4223827338001744
1.4227315790431707
1.4230735166875543
1.423408683512942
1.4237372135905324
1.4240592383367365
1.4243748865657462
1.4246842845410617
1.424987556025998
1.4252848223331922
1.4255762023731307
1.4258618127017142
1.4261417675668822
1.4264161789543128
1.42668515663222
1.426948808195261
1.427207239107576
1.4274605527449755
1.4277088504362916
1.4279522315039115
1.428190793303507
1.4284246312629785
1.4286538389206274
1.4288785079625725
1.4290987282594263
1.4293145879022435
1.429526173237759
1.4297335689029282
1.429936857858782
1.4301361214236135
1.4303314393055049
1.430522889634213
1.4307105489924221
1.4308944924463771
1.4310747935759123
1.431251524503883
1.431424755925017
1.4315945571341921
1.431760996054156
1.4319241392626956
1.4320840520192695
1.4322407982911123
1.4323944407788225
1.4325450409414437
1.432692659021049
1.4328373540668378
1.432979183958758
1.4331182054306573
1.4332544740929778
1.4333880444550011
1.433518969946653
1.433647302939876
1.433773094769578
1.433896395754168
1.4340172552156838
1.4341357214995214
1.4342518419937738
1.4343656631481867
1.4344772304927396
1.4345865886558575
1.434693781382264
1.4347988515504786
1.4349018411899694
1.4350027914979655
1.4351017428559358
1.4351987348457427
1.4352938062654754
1.4353869951449694
1.4354783387610188
1.4355678736522879
1.435655635633927
1.4357416598118986
1.435825980597021
1.4359086317187324
1.4359896462385835
1.4360690565634622
1.4361468944585571
1.4362231910600645
1.4362979768876416
1.436371281856617
1.4364431352899554
1.4365135659299881
1.4365826019499102
1.43665027096505
1.4367166000439158
1.4367816157190234
1.43684534399751
1.4369078103715363
1.4369690398284847
1.4370290568609545
1.4370878854765587
1.4371455492075282
1.4372020711201239
1.4372574738238644
1.4373117794805699
1.4373650098132271
1.437417186114679
1.4374683292561414
1.437518459695553
1.4375675974857578
1.4376157622825272
1.4376629733524218
1.437709249580499
1.4377546094778675
1.4377990711890904
1.4378426524994454
1.4378853708420374
1.437927243304773
1.4379682866371957
1.4380085172571855
1.438047951257527
1.438086604412346
1.4381244921834195
1.4381616297263615
1.438198031896684
1.4382337132557408
1.438268688076551
1.4383029703495092
1.4383365737879816
1.4383695118337918
1.4384017976625971
1.4384334441891595
1.4384644640725115
1.43849486972102
1.43852467329735
1.4385538867233292
1.4385825216847175
1.4386105896358812
1.4386381018043752
1.4386650691954335
1.438691502596372
1.4387174125809037
1.4387428095133679
1.4387677035528759
1.4387921046573755
1.4388160225876339
1.4388394669111422
1.4388624470059421
1.4388849720643782
1.4389070510967739
1.4389286929350367
1.4389499062361903
1.4389706994858382
1.4389910810015574
1.4390110589362257
1.4390306412812837
1.4390498358699302
1.4390686503802566
1.4390870923383179
1.4391051691211434
1.4391228879596871
1.4391402559417206
1.4391572800146684
1.4391739669883865
1.439190323537887
1.4392063562060076
1.4392220714060293
1.4392374754242419
1.4392525744224578
1.4392673744404778
1.4392818813985062
1.4392961010995198
1.4393100392315885
1.439323701370151
1.439337092980245
1.4393502194186927
1.4393630859362447
1.4393756976796797
1.439388059693863
1.4394001769237654
1.4394120542164401
1.4394236963229627
1.439435107900331
1.4394462935133279
1.439457257636348
1.4394680046551864
1.4394785388687943
1.4394888644909973
1.439498985652182
1.4395089064009479
1.4395186307057266
1.4395281624563698
1.439537505465705
1.43954666347106
1.4395556401357597
1.439564439050589
1.4395730637352315
1.439581517639676
1.439589804145597
1.4395979265677072
1.439605888155084
1.4396136920924683
1.4396213415015393
1.4396288394421624
1.4396361889136138
1.4396433928557804
1.4396504541503348
1.439657375621889
1.4396641600391238
1.4396708101158968
1.4396773285123272
1.4396837178358606
1.4396899806423116
1.4396961194368862
1.439702136675184
1.4397080347641809
1.4397138160631906
1.43971948288481
1.4397250374958435
1.4397304821182093
1.4397447910868066
1.4398113164428035
1.4399781510818142
1.4402886526760337
1.4407813694159686
1.4414900156252848
1.4424434863818048
1.4436659030087065
1.4451766836930104
1.4469906354860493
1.4491180655396216
1.4515649106614468
1.4543328851773223
1.457419647707534
1.4608189878356375
1.4645210337918895
1.468512482205399
1.4727768507076262
1.4772947537049617
1.4820442009953132
1.4870009181085335
1.4921386863411563
1.4974296994830614
1.5028449332589484
1.5083545225993655
1.5139281410843206
1.5195353763319426
1.5251460947883413
1.5307307893485302
1.536260903516354
1.5417091263849168
1.5470496535564828
1.5522584101711432
1.5573132334112223
1.5621940131198497
1.5668827904426146
1.5713638156012655
1.5756235669791299
1.5796507345947641
1.5834361717349725
1.5869728189987684
1.5902556052730161
1.5932813302337179
1.5960485328687657
1.5985573502788717
1.6008093706664193
1.602807484000127
1.6045557333774538
1.6060591696236186
1.607323711188374
1.6083560109467676
1.6091633310907039
1.6097534269224476
1.6101344400337398
1.610314801076244
1.6103031420995386
1.610108218248966
1.6097388384733518
1.60920380478724
1.6085118595589036
1.6076716402490419
1.6066916410010617
1.6055801804778416
1.6043453753479788
1.6029951188433669
1.6015370638366064
1.5999786099188154
1.598326893993856
1.596588783942248
1.5947708749458176
1.5928794881014854
1.59092067098879
1.5889001998902827
1.5868235833964501
1.5846960671571308
1.5825226395693714
1.5803080382172963
1.5780567569028794
1.5757730531275866
1.573460955903802
1.5711242737919064
1.5687666030739724
1.5663913359884156
1.5640016689617673
1.561600610784118
1.559190990683893
1.5567754662655704
1.5543565312808645
1.551936523209891
1.549517630634
1.5471019003864102
1.5446912444705811
1.5422874467395018
1.539892169331822
1.5375069588630697
1.5351332523721324
1.532772383024794
1.5304255855774418
1.5280940016051439
1.5257786844991563
1.523480604239614
1.5212006519496821
1.518939644237844
1.5166983273352848
1.5144773810355119
1.5122774224434663
1.5100990095414084
1.507942644578852
1.5058087772937474
1.5036978079720176
1.5016100903524128
1.4995459343834951
1.4975056088393832
1.4954893438006955
1.4934973330069314
1.4915297360863145
1.4895866806689086
1.4876682643886017
1.4857745567793323
1.4839056010707172
1.482061415888025
1.4802419968612295
1.4784473181476698
1.4766773338726424
1.474931979492055
1.4732111730810828
1.471514816552584
1.4698427968088494
1.4681949868301014
1.4665712467029781
1.4649714245920964
1.4633953576576244
1.461842872921656
1.4603137880860388
1.4588079123041773
1.4573250469092012
1.4558649861007775
1.4544275175927193
1.4530124232234443
1.4516194795312263
1.4502484582960857
1.4488991270500706
1.4475712495575899
1.446264586267376
1.444978894737572
1.4437139300353616
1.44246944511249
1.441245191157948
1.4400409179290345
1.4388563740619418
1.4376913073629543
1.4365454650812939
1.4354185941645887
1.4343104414978973
1.433220754127165
1.4321492794679525
1.4310957655002219
1.4300599609499398
1.4290416154582009
1.4280404797385535
1.4270563057231658
1.4260888466984385
1.4251378574306421
1.4242030942821242
1.4232843153186046
1.4223812804080485
1.4214937513115868
1.420621491766921
1.4197642675646351
1.4189218466178095
1.4180939990253152
1.4172804971291446
1.416481115566118
1.4156956313142874
1.414923823734341
1.4141654746062982
1.413420368161771
1.4126882911120462
1.41196903267224
1.4112623845817558
1.4105681411212663
1.4098860991264321
1.409216057998552
1.408557819712337
1.4079111888209839
1.4072759724587212
1.4066519803409832
1.4060390247623686
1.4054369205925261
1.4048454852701016
1.40426453879488
1.4036939037182414
1.4031334051320479
1.402582870656072
1.402042130424069
1.4015110170685947
1.4009893657046562
1.4004770139122902
1.399973801718148
1.399479571576167
1.3989941683474032
1.3985174392790973
1.398049233983037
1.397589404413282
1.3971378048433092
1.3966942918426355
1.3962587242529698
1.3958309631639456
1.3954108718884808
1.3949983159378085
1.3945931629962227
1.3941952828955755
1.3938045475895662
1.3934208311278549
1.3930440096300345
1.3926739612594925
1.3923105661971906
1.3919537066153904
1.3916032666513505
1.3912591323810186
1.3909211917927422
1.390589334761018
1.3902634530203004
1.3899434401388862
1.3896291914928953
1.389320604240361
1.3890175772954452
1.3887200113027938
1.388427808612044
1.388140873252496
1.387859110907959
1.3875824288917837
1.3873107361220893
1.3870439430971941
1.3867819618712574
1.38652470603014
1.3862720906674915
1.386024032361067
1.3857804491492824
1.3855412605080109
1.3853063873276255
1.385075751890292
1.3848492778475165
1.3846268901979477
1.3844085152654397
1.3841940806773774
1.3839835153432627
1.3837767494335687
1.3835737143588578
1.3833743427491685
1.3831785684336693
1.382986326420581
1.3827975528773682
1.3826121851111968
1.3824301615496621
1.3822514217217834
1.3820759062392642
1.3819035567780196
1.381734316059968
1.3815681278350862
1.3814049368637271
1.3812446888991974
1.3810873306705949
1.380932809865903
1.3807810751153409
1.3806320759749662
1.3804857629105307
1.3803420872815846
1.380201001325827
1.3800624581437035
1.379926411683244
1.379792816725142
1.379661628868072
1.3795328045142403
1.37940630085517
1.3792820758577158
1.3791600882503057
1.3790402975094087
1.378922663846223
1.3788071481935857
1.378693712193097
1.3785823181824608
1.3784729291830349
1.3783655088875904
1.3782600216482777
1.3781564324647941
1.3780547069727533
1.3779548114322517
1.3778567127166295
1.3777603783014243
1.3776657762535147
1.377572875220449
1.37748164441996
1.3773920536296593
1.3773040731769115
1.377217673928884
1.3771328272827694
1.3770495051561806
1.376967679977712
1.3768873246776672
1.3768084126789497
1.3767309178881137
1.3766548146865736
1.3765800779219675
1.3765066828996757
1.3764346053744876
1.3763638215424185
1.3762943080326708
1.3762260418997394
1.3761590006156577
1.376093162062382
1.3760285045243137
1.375965006680954
1.3759026475996905
1.3758414067287157
1.3757812638900704
1.375722199272814
1.3756641934263176
1.3756072272536783
1.3755512820052531
1.375496339272309
1.3754423809807883
1.3753893893851885
1.375337347062551
1.3752862369065608
1.3752360421217529
1.3751867462178238
1.3751383330040474
1.3750907865837922
1.3750440913491386
1.3749982319755942
1.3749531934169061
1.3749089608999683
1.3748655199198208
1.3748228562347422
1.3747809558614306
1.374739805070273
1.3746993903807025
1.3746596985566395
1.3746207166020163
1.3745824317563855
1.3745448314906068
1.374507903502615
1.3744716357132647
1.3744360162622509
1.3744010335041061
1.3743666760042696
1.37433293253523
1.374299792072738
1.3742672437920895
1.3742352770644768
1.3742038814534066
1.374173046711185
1.374142762775466
1.374113019765865
1.374083807980633
1.3740551178933933
1.3740269401499379
1.373999265565083
1.3739720851195827
1.373945389957099
1.3739191713812284
1.3738934208525821
1.373868129985922
1.3738432905473468
1.373818894451533
1.373794933759024
1.3737714006735715
1.3737482875395235
1.3737255868392626
1.3737032911906908
1.37368139334476
1.3736598861830487
1.3736387627153828
1.3736180160775011
1.3735976395287635
1.3735776264499002
1.3735579703408045
1.3735386648183643
1.3735197036143347
1.3735010805732495
1.3734827896503707
1.3734648249096768
1.3734471805218866
1.3734298507625209
1.3734128300099981
1.3733961127437675
1.3733796935424738
1.3733635670821576
1.3733477281344881
1.3733321715650284
1.3733168923315324
1.373301885482274
1.3732871461544056
1.3732726695723476
1.3732584510462076
1.3732444859702275
1.373230769821261
1.3732172981572766
1.373204066615891
1.3731910709129262
1.373178306840996
1.3731657702681157
1.37315345713634
1.373141363460423
1.3731294853265057
1.3731178188908248
1.3731063603784475
1.3730951060820271
### END
