### NP, NF, NT, dt
4 4 660 0.4
### promoter data
#   name
#   type, strength, number of genes
#   factor name
#   k, n
###
p1
1 0.5 1
input 1
0.9 2
pA
1 0.5 1
A
0.9 2
pB
1 0.5 1
B
0.9 2
new promoter
1 1.0 1
A
0.1 2
### factor data
#   name
#   degeneration, copy rate, number of genes
#   initial value
#   input type, timing, strength
###
input 1
0.05 0.1 1
0.0
1 100.0 1.0
A
0.05 0.2 1
0.0
0 0.0 1.0
B
0.05 0.5 1
0.0
0 0.0 1.0
C
0.05 0.2 1
0.0
0 0.0 1.0
### input type
1
### input data
### factor:0
0.0
0.0
0.0
0.0
0.0
0.0
0.0
0.0
0.0
0.0
0.0
0.0
0.0
0.0
0.0
0.0
0.0
0.0
0.0
0.0
0.0
0.0
0.0
0.0
0.0
0.0
0.0
0.0
0.0
0.0
0.0
0.0
0.0
0.0
0.0
0.0
0.0
0.0
0.0
0.0
0.0
0.0
0.0
0.0
0.0
0.0
0.0
0.0
0.0
0.0
0.0
0.0
0.0
0.0
0.0
0.0
0.0
0.0
0.0
0.0
0.0
0.0
0.0
0.0
0.0
0.0
0.0
0.0
0.0
0.0
0.0
0.0
0.0
0.0
0.0
0.0
0.0
0.0
0.0
0.0
0.0
0.0
0.0
0.0
0.0
0.0
0.0
0.0
0.0
0.0
0.0
0.0
0.0
0.0
0.0
0.0
0.0
0.0
0.0
0.0
0.0
0.0
0.0
0.0
0.0
0.0
0.0
0.0
0.0
0.0
0.0
0.0
0.0
0.0
0.0
0.0
0.0
0.0
0.0
0.0
0.0
0.0
0.0
0.0
0.0
0.0
0.0
0.0
0.0
0.0
0.0
0.0
0.0
0.0
0.0
0.0
0.0
0.0
0.0
0.0
0.0
0.0
0.0
0.0
0.0
0.0
0.0
0.0
0.0
0.0
0.0
0.0
0.0
0.0
0.0
0.0
0.0
0.0
0.0
0.0
0.0
0.0
0.0
0.0
0.0
0.0
0.0
0.0
0.0
0.0
0.0
0.0
0.0
0.0
0.0
0.0
0.0
0.0
0.0
0.0
0.0
0.0
0.0
0.0
0.0
0.0
0.0
0.0
0.0
0.0
0.0
0.0
0.0
0.0
0.0
0.0
0.0
0.0
0.0
0.0
0.0
0.0
0.0
0.0
0.0
0.0
0.0
0.0
0.0
0.0
0.0
0.0
0.0
0.0
0.0
0.0
0.0
0.0
0.0
0.0
0.0
0.0
0.0
0.0
0.0
0.0
0.0
0.0
0.0
0.0
0.0
0.0
0.0
0.0
0.0
0.0
0.0
0.0
0.0
0.0
0.0
0.0
0.0
0.0
0.0
0.0
0.0
0.0
0.0
0.0
1.0
1.0
1.0
1.0
1.0
1.0
1.0
1.0
1.0
1.0
1.0
1.0
1.0
1.0
1.0
1.0
1.0
1.0
1.0
1.0
1.0
1.0
1.0
1.0
1.0
1.0
1.0
1.0
1.0
1.0
1.0
1.0
1.0
1.0
1.0
1.0
1.0
1.0
1.0
1.0
1.0
1.0
1.0
1.0
1.0
1.0
1.0
1.0
1.0
1.0
1.0
1.0
1.0
1.0
1.0
1.0
1.0
1.0
1.0
1.0
1.0
1.0
1.0
1.0
1.0
1.0
1.0
1.0
1.0
1.0
1.0
1.0
1.0
1.0
1.0
1.0
1.0
1.0
1.0
1.0
1.0
1.0
1.0
1.0
1.0
1.0
1.0
1.0
1.0
1.0
1.0
1.0
1.0
1.0
1.0
1.0
1.0
1.0
1.0
1.0
1.0
1.0
1.0
1.0
1.0
1.0
1.0
1.0
1.0
1.0
1.0
1.0
1.0
1.0
1.0
1.0
1.0
1.0
1.0
1.0
1.0
1.0
1.0
1.0
1.0
1.0
1.0
1.0
1.0
1.0
1.0
1.0
1.0
1.0
1.0
1.0
1.0
1.0
1.0
1.0
1.0
1.0
1.0
1.0
1.0
1.0
1.0
1.0
1.0
1.0
1.0
1.0
1.0
1.0
1.0
1.0
1.0
1.0
1.0
1.0
1.0
1.0
1.0
1.0
1.0
1.0
1.0
1.0
1.0
1.0
1.0
1.0
1.0
1.0
1.0
1.0
1.0
1.0
1.0
1.0
1.0
1.0
1.0
1.0
1.0
1.0
1.0
1.0
1.0
1.0
1.0
1.0
1.0
1.0
1.0
1.0
1.0
1.0
1.0
1.0
1.0
1.0
1.0
1.0
1.0
1.0
1.0
1.0
1.0
1.0
1.0
1.0
1.0
1.0
1.0
1.0
1.0
1.0
1.0
1.0
1.0
1.0
1.0
1.0
1.0
1.0
1.0
1.0
1.0
1.0
1.0
1.0
1.0
1.0
1.0
1.0
1.0
1.0
1.0
1.0
1.0
1.0
1.0
1.0
1.0
1.0
1.0
1.0
1.0
1.0
1.0
1.0
1.0
1.0
1.0
1.0
1.0
1.0
1.0
1.0
1.0
1.0
1.0
1.0
1.0
1.0
1.0
1.0
1.0
1.0
1.0
1.0
1.0
1.0
1.0
1.0
1.0
1.0
1.0
1.0
1.0
1.0
1.0
1.0
1.0
1.0
1.0
1.0
1.0
1.0
1.0
1.0
1.0
1.0
1.0
1.0
1.0
1.0
1.0
1.0
1.0
1.0
1.0
1.0
1.0
1.0
1.0
1.0
1.0
1.0
1.0
1.0
1.0
1.0
1.0
1.0
1.0
1.0
1.0
1.0
1.0
1.0
1.0
1.0
1.0
1.0
1.0
1.0
1.0
1.0
1.0
1.0
1.0
1.0
1.0
1.0
1.0
1.0
1.0
1.0
1.0
1.0
1.0
1.0
1.0
1.0
1.0
1.0
1.0
1.0
1.0
1.0
1.0
1.0
1.0
1.0
1.0
1.0
1.0
1.0
1.0
1.0
1.0
1.0
1.0
1.0
1.0
1.0
1.0
1.0
1.0
1.0
1.0
1.0
1.0
1.0
1.0
1.0
1.0
1.0
1.0
1.0
1.0
1.0
1.0
1.0
1.0
1.0
1.0
1.0
1.0
1.0
1.0
1.0
1.0
1.0
1.0
1.0
1.0
1.0
1.0
1.0
1.0
1.0
1.0
1.0
1.0
1.0
1.0
1.0
### factor:1
0.0
0.0
0.0
0.0
0.0
0.0
0.0
0.0
0.0
0.0
0.0
0.0
0.0
0.0
0.0
0.0
0.0
0.0
0.0
0.0
0.0
0.0
0.0
0.0
0.0
0.0
0.0
0.0
0.0
0.0
0.0
0.0
0.0
0.0
0.0
0.0
0.0
0.0
0.0
0.0
0.0
0.0
0.0
0.0
0.0
0.0
0.0
0.0
0.0
0.0
0.0
0.0
0.0
0.0
0.0
0.0
0.0
0.0
0.0
0.0
0.0
0.0
0.0
0.0
0.0
0.0
0.0
0.0
0.0
0.0
0.0
0.0
0.0
0.0
0.0
0.0
0.0
0.0
0.0
0.0
0.0
0.0
0.0
0.0
0.0
0.0
0.0
0.0
0.0
0.0
0.0
0.0
0.0
0.0
0.0
0.0
0.0
0.0
0.0
0.0
0.0
0.0
0.0
0.0
0.0
0.0
0.0
0.0
0.0
0.0
0.0
0.0
0.0
0.0
0.0
0.0
0.0
0.0
0.0
0.0
0.0
0.0
0.0
0.0
0.0
0.0
0.0
0.0
0.0
0.0
0.0
0.0
0.0
0.0
0.0
0.0
0.0
0.0
0.0
0.0
0.0
0.0
0.0
0.0
0.0
0.0
0.0
0.0
0.0
0.0
0.0
0.0
0.0
0.0
0.0
0.0
0.0
0.0
0.0
0.0
0.0
0.0
0.0
0.0
0.0
0.0
0.0
0.0
0.0
0.0
0.0
0.0
0.0
0.0
0.0
0.0
0.0
0.0
0.0
0.0
0.0
0.0
0.0
0.0
0.0
0.0
0.0
0.0
0.0
0.0
0.0
0.0
0.0
0.0
0.0
0.0
0.0
0.0
0.0
0.0
0.0
0.0
0.0
0.0
0.0
0.0
0.0
0.0
0.0
0.0
0.0
0.0
0.0
0.0
0.0
0.0
0.0
0.0
0.0
0.0
0.0
0.0
0.0
0.0
0.0
0.0
0.0
0.0
0.0
0.0
0.0
0.0
0.0
0.0
0.0
0.0
0.0
0.0
0.0
0.0
0.0
0.0
0.0
0.0
0.0
0.0
0.0
0.0
0.0
0.0
0.0
0.021879918968692454
0.043326586514445625
0.06434858159021395
0.08495431327430192
0.10515202413410758
0.12494979352325936
0.1443555408134652
0.16337702856236688
0.18202186561866657
0.2002975101657677
0.21821127270514779
0.23577031898065653
0.2529816728449088
0.26985221906891943
0.28638870609610334
0.30259774874174283
0.3184858308390021
0.3340593078325467
0.3493244093208064
0.36428724154789716
0.37895378984620076
0.39332992103057723
0.407421385745169
0.42123382076373533
0.43477275124443693
0.44804359293997287
0.4610516543639539
0.4738021389143786
0.4863001469550621
0.49855067785584933
0.51055863199243
0.522328812706554
0.5338659282274317
0.5451745935550896
0.5562593323064304
0.5671245785247414
0.5777746784533698
0.5882138922742788
0.5984463958121767
0.608476282204903
0.6183075635407373
0.6279441724632889
0.6373899637446061
0.6466487158271368
0.6557241323351556
0.664619843556263
0.6733394078935491
0.6818863132890014
0.6902639786187293
0.6984757550605594
0.706524927434551
0.7144147155169689
0.7221482753282361
0.7297287003953842
0.7371590229895055
0.7444422153387019
0.7515811908170157
0.7585788051098181
0.7654378573561214
0.7721610912682718
0.7787511962294714
0.7852108083695667
0.7915425116195359
0.7977488387450962
0.803832272359843
0.8097952459183292
0.8156401446894791
0.8213693067107279
0.8269850237232678
0.8324895420887747
0.8378850636879835
0.8431737468014694
0.8483577069729886
0.8534390178557246
0.8584197120417767
0.863301781875224
0.8680871802490897
0.8727778213865244
0.8773755816065206
0.8818823000744657
0.8862997795378322
0.8906297870473014
0.8948740546636065
0.8990342801503803
0.9031121276532836
0.9071092283656851
0.9110271811811607
0.9148675533330725
0.9186318810214826
0.9223216700276542
0.9259383963163835
0.9294835066264058
0.9329584190491099
0.936364523595794
0.9397031827536885
0.9429757320309687
0.9461834804909769
0.9493277112758639
0.952409682119864
0.9554306258524049
0.9583917508912561
0.9612942417259122
0.9641392593914042
0.9669279419327294
0.9696614048600841
0.9723407415950831
0.9749670239081424
0.9775413023472019
0.9800646066579587
0.9825379461957787
0.9849623103294528
0.9873386688369571
0.9896679722933771
0.9919511524511507
0.9941891226127815
0.9963827779961715
0.998532996092721
1.000640637018336
1.002706543857487
1.0047315430004529
1.0067164444738892
1.008662042264849
1.010569114638388
1.0124384244488815
1.0142707194451763
1.0160667325697
1.0178271822516471
1.0195527726943618
1.0212441941570274
1.0229021232307798
1.0245272231093527
1.0261201438543641
1.0276815226553493
1.0292119840846459
1.0307121403472301
1.032182591525608
1.0336239258198554
1.0350367197829065
1.0364215385511824
1.0377789360706535
1.0391094553184252
1.0404136285199355
1.0416919773618527
1.0429450132007572
1.0441732372676904
1.0453771408686545
1.0465572055811407
1.0477139034467673
1.0488476971601017
1.049959040253746
1.051048377279754
1.0521161439874602
1.0531627674977833
1.0541886664740814
1.0551942512896229
1.0561799241917407
1.0571460794627372
1.058093103577602
1.0590213753586073
1.0599312661268414
1.0608231398507426
1.0616973532916916
1.0625542561467198
1.0633941911883942
1.0642174944019294
1.0650244951195877
1.0658155161524154
1.066590873919372
1.0673508785739014
1.0680958341279985
1.0688260385738166
1.0695417840028696
1.0702433567228717
1.0709310373722647
1.0716051010324767
1.072265817337959
1.072913450584042
1.0735482598326593
1.0741704990159737
1.0747804170379545
1.0753782578739421
1.0759642606682418
1.076538659829784
1.0771016851258912
1.0776535617741887
1.0781945105326936
1.0787247477881214
1.0792444856424437
1.0797539319977314
1.080253290639319
1.0807427613173206
1.0812225398265334
1.0816928180847576
1.0821537842095665
1.0826056225935559
1.0830485139781032
1.0834826355256673
1.0839081608906551
1.0843252602888858
1.0847341005656796
1.0851348452625982
1.0855276546828632
1.0859126859554797
1.0862900930980903
1.0866600270785838
1.0870226358754844
1.0873780645371454
1.08772645523977
1.0880679473442845
1.0884026774520832
1.0887307794596723
1.089052384612229
1.0893676215561026
1.089676616390273
1.0899794927167936
1.0902763716902333
1.0905673720661393
1.0908526102485419
1.091132200336517
1.0914062541698273
1.0916748813736599
1.091938189402478
1.0921962835830035
1.0924492671563495
1.0926972413193186
1.0929403052648816
1.0931785562218577
1.093412089493806
1.093640998497149
1.0938653747985398
1.0940853081514907
1.0943008865322748
1.0945121961751187
1.0947193216066968
1.0949223456799433
1.0951213496071943
1.0953164129926738
1.0955076138643367
1.0956950287050808
1.0958787324833412
1.0960587986830783
1.096235299333173
1.096408305036238
1.0965778849968617
1.096744107049289
1.0969070376845567
1.0970667420770917
1.0972232841107799
1.097376726404522
1.097527130337281
1.0976745560726358
1.0978190625828457
1.0979607076724414
1.0980995480013473
1.098235639107546
1.0983690354292945
1.0984997903269
1.0986279561040646
1.098753584028808
1.0988767243539752
1.0989974263373379
1.0991157382612988
1.0992317074522049
1.0993453802992785
1.099456802273174
1.0995660179441666
1.0996730709999807
1.0997780042632659
1.0998808597087266
1.0999816784799124
1.1000805009056758
1.1001773665163046
1.1002723140593347
1.100365381515049
1.1004566061116705
1.1005460243402545
1.1006336719692842
1.10071958405898
1.100803794975323
1.1008863384038028
1.100967247362891
1.10104655421725
1.101124290690679
1.1012004878788038
1.1012751762615154
1.1013483857151627
1.1014201455245032
1.1014904843944173
1.101559430461391
1.1016270113047701
1.101693253957793
1.1017581849184044
1.1018218301598537
1.1018842151410864
1.1019453648169266
1.10200530364806
1.1020640556108179
1.102121644206769
1.1021780924721194
1.102233422986928
1.102287657884138
1.1023408188584318
1.1023929271749076
1.1024440036775869
1.1024940687977516
1.1025431425621173
1.102591244600844
1.1026383941553886
1.1026846100862013
1.102729910880271
1.102774314658519
1.1028178391830485
1.1028605018642499
1.1029023197677643
1.1029433096213108
1.1029834878213771
1.103022870439779
1.1030614732300892
1.103099311633938
1.1031364007871918
1.103172755526006
1.1032083903927612
1.1032433196418792
1.1032775572455251
1.103311116899197
1.1033440120272036
1.1033762557880347
1.1034078610796247
1.1034388405445117
1.1034692065748943
1.1034989713175898
1.103528146678892
1.1035567443293344
1.1035847757083586
1.1036122520288898
1.1036391842818225
1.103665583240417
1.1036914594646088
1.1037168233052324
1.1037416849081623
1.1037660542183712
1.1037899409839078
1.1038133547597972
1.1038363049118618
1.1038588006204682
1.1038808508841997
1.103902464523456
1.103923650183981
1.1039444163403214
1.1039647712992164
1.1039847232029212
1.104004280032463
1.1040234496108345
1.1040422396061227
1.104060657534576
1.1040787107636114
1.1040964065147614
1.1041137518665622
1.104130753757386
1.1041474189882154
1.1041637542253653
1.1041797660031483
1.1041954607264888
1.1042108446734855
1.1042259239979224
1.1042407047317302
1.1042551927873994
1.1042693939603456
1.1042833139312271
1.104296958268218
1.1043103324292352
1.104323441764121
1.1043362915167845
1.104348886827298
1.1043612327339534
1.1043733341752782
1.1043851959920101
1.1043968229290342
1.10440821963728
1.1044193906755828
1.104430340512507
1.1044410735281336
1.1044515940158115
1.104461906183876
1.1044720141573323
1.1044819219795041
1.1044916336136525
1.1045011529445607
1.104510483780088
1.104519629852693
1.1045285948209265
1.1045373822708955
1.104545995717697
1.104554438606825
1.104562714315547
1.1045708261542573
1.1045787773677993
1.1045865711367646
1.1045942105787647
1.1046016987496783
1.1046090386448735
1.1046162332004061
1.1046232852941944
1.10463019774717
1.1046369733244061
1.104643614736224
1.104650124639277
1.1046565056376132
1.1046627602837167
### factor:2
0.0
0.0
0.0
0.0
0.0
0.0
0.0
0.0
0.0
0.0
0.0
0.0
0.0
0.0
0.0
0.0
0.0
0.0
0.0
0.0
0.0
0.0
0.0
0.0
0.0
0.0
0.0
0.0
0.0
0.0
0.0
0.0
0.0
0.0
0.0
0.0
0.0
0.0
0.0
0.0
0.0
0.0
0.0
0.0
0.0
0.0
0.0
0.0
0.0
0.0
0.0
0.0
0.0
0.0
0.0
0.0
0.0
0.0
0.0
0.0
0.0
0.0
0.0
0.0
0.0
0.0
0.0
0.0
0.0
0.0
0.0
0.0
0.0
0.0
0.0
0.0
0.0
0.0
0.0
0.0
0.0
0.0
0.0
0.0
0.0
0.0
0.0
0.0
0.0
0.0
0.0
0.0
0.0
0.0
0.0
0.0
0.0
0.0
0.0
0.0
0.0
0.0
0.0
0.0
0.0
0.0
0.0
0.0
0.0
0.0
0.0
0.0
0.0
0.0
0.0
0.0
0.0
0.0
0.0
0.0
0.0
0.0
0.0
0.0
0.0
0.0
0.0
0.0
0.0
0.0
0.0
0.0
0.0
0.0
0.0
0.0
0.0
0.0
0.0
0.0
0.0
0.0
0.0
0.0
0.0
0.0
0.0
0.0
0.0
0.0
0.0
0.0
0.0
0.0
0.0
0.0
0.0
0.0
0.0
0.0
0.0
0.0
0.0
0.0
0.0
0.0
0.0
0.0
0.0
0.0
0.0
0.0
0.0
0.0
0.0
0.0
0.0
0.0
0.0
0.0
0.0
0.0
0.0
0.0
0.0
0.0
0.0
0.0
0.0
0.0
0.0
0.0
0.0
0.0
0.0
0.0
0.0
0.0
0.0
0.0
0.0
0.0
0.0
0.0
0.0
0.0
0.0
0.0
0.0
0.0
0.0
0.0
0.0
0.0
0.0
0.0
0.0
0.0
0.0
0.0
0.0
0.0
0.0
0.0
0.0
0.0
0.0
0.0
0.0
0.0
0.0
0.0
0.0
0.0
0.0
0.0
0.0
0.0
0.0
0.0
0.0
0.0
0.0
0.0
0.0
0.0
0.0
0.0
0.0
0.0
0.0
1.9693918978838996E-5
1.542780410761226E-4
5.095644886373717E-4
0.0011813763631535901
0.0022555806074757304
0.0038082449406091432
0.005905901413096026
0.008605898779700376
0.011956826203033224
0.01599899164839865
0.020764939569219706
0.02627999398612614
0.03256281471835293
0.039625956238718715
0.04747642031733008
0.05611619523693932
0.06554277586406881
0.0757496602187341
0.08672681938812107
0.0984611386717956
0.11093682873112028
0.12413580625188267
0.13803804422848473
0.1526218924541715
0.16786436916931824
0.18374142509340405
0.20022818126006173
0.21729914220163019
0.23492838610186428
0.25308973356348663
0.2717568966303608
0.29090360967019585
0.31050374366960143
0.33053140542463866
0.35096102303138704
0.37176741899623184
0.3929258721975749
0.41441216984183754
0.43620265046876805
0.4582742389755513
0.4806044745470227
0.5031715323011041
0.5259542393848395
0.5489320861873657
0.5720852332719062
0.5953945145694083
0.6188414373216515
0.6424081792113835
0.666077583071069
0.689833149519946
0.7136590278410072
0.7375400053750153
0.7614614956774481
0.7854095256561066
0.809370721881751
0.8333322962413287
0.8572820310828877
0.8812082639829363
0.9050998722505986
0.9289462572682644
0.9527373287553517
0.9764634890301588
1.0001156173344186
1.0236850542759646
1.0471635864367552
1.070543431186268
1.0938172217338815
1.116977992448213
1.1400191644664017
1.1629345316119444
1.1857182466358411
1.2083648077924403
1.2308690457584144
1.253226110900736
1.275431460897276
1.2974808487117149
1.3193703109227777
1.341096156406365
1.3626549553679177
1.3840435287213018
1.4052589378096176
1.4262984744625866
1.4471596513845533
1.467840192866635
1.4883380258161374
1.5086512710960345
1.5287782351670565
1.5487174020247523
1.56846742542376
1.5880271213814432
1.607395460953017
1.6265715632702902
1.645554688836181
1.6643442330672282
1.6829397200764038
1.7013407966886316
1.719547226681545
1.7375588852441441
1.7553757536461578
1.7729979141110745
1.79042554488596
1.8076589155013525
1.8246983822146885
1.8415443836308947
1.8581974364939464
1.8746581316433746
1.8909271301298753
1.90700515948435
1.9228930101348785
1.9385915319662972
1.9541016310172217
1.96942426630952
1.9845604468054074
1.9995112284874852
2.0142777115572144
2.028861037747454
2.043262387744852
2.0574829787180167
2.071524061947539
2.085386920554072
2.099072867320809
2.1125832426068283
2.125919412347896
2.1390827661414495
2.1520747154125885
2.164896691658021
2.177550144765026
2.1900365414025917
2.2023573634819984
2.214514106684209
2.226508279051534
2.238341399641121
2.2500149972379186
2.261530609124836
2.2728897799079273
2.284094060394482
2.2951450065219987
2.306044178336094
2.3167931390154566
2.3273934539420464
2.337846689814785
2.3481544138050627
2.3583181927524466
2.3683395923990282
2.378220176660915
2.387961506935419
2.397565141442555
2.4070326345995086
2.416365536426784
2.4255653919847946
2.434633740839696
2.443572116557317
2.4523820462240766
2.461065049993821
2.469622640659559
2.4780563232490977
2.4863675946436374
2.4945579432184015
2.5026288485044215
2.5105817808706288
2.5184182012254355
2.526139560737014
2.5337473005715196
2.5412428516485273
2.5486276344129757
2.5559030586229476
2.56307052315263
2.57013141580983
2.577087113167443
2.583938980408288
2.5906883711827575
2.597336627478734
2.6038850795032658
2.6103350455754906
2.6166878320303386
2.6229447331325413
2.6291070310005082
2.6351759955396417
2.6411528843846726
2.6470389428506267
2.652835403892034
2.658543488070016
2.6641644035268945
2.6696993459679854
2.6751494986502435
2.680516032377449
2.685800105501628
2.691002863930414
2.696125441140076
2.701168958193933
2.7061345237659022
2.7110232341689278
2.7158361733880496
2.72057441311788
2.7252390128042667
2.7298310196899274
2.73435146886385
2.7388013833142595
2.7431817739849618
2.7474936398348824
2.7517379679006226
2.755915733361865
2.760027899609462
2.76407541831606
2.7680592295090976
2.7719802616460423
2.775839431691725
2.779637645197637
2.7833757963830617
2.787054768217924
2.790675432507232
2.794238649977003
2.797745270361561
2.80119613249211
2.8045920643864712
2.8079338833398966
2.811222396016868
2.814458398543786
2.8176426766024725
2.8207760055243987
2.8238591503855686
2.8268928661019768
2.8298778975255727
2.832814979540665
2.8357048371606957
2.838548185625328
2.8413457304977827
2.8440981677623705
2.846806183922161
2.8494704560967428
2.8520916521200177
2.8546704306379884
2.8572074412064885
2.859703324388815
2.862158711853223
2.8645742264702396
2.8669504824097625
2.869288085237907
2.871587632013568
2.873849711384664
2.8760749036840316
2.8782637810249465
2.8804169073962345
2.882534838756956
2.884618123130633
2.8866673006989974
2.888682903895238
2.890665457496726
2.8926154787172
2.8945334772983853
2.896419955601045
2.8982754086954268
2.9001003244511074
2.9018951836262104
2.9036604599559857
2.90539662024074
2.9071041244331064
2.9087834257246388
2.9104349706317256
2.91205919908081
2.91365654449291
2.915227433867429
2.916772287865252
2.918291520891117
2.919785541175259
2.9212547508543207
2.9226995460515246
2.9241203169561
2.9255174479019654
2.9268913174456626
2.9282422984435335
2.9295707581281465
2.930877058183965
2.932161554822257
2.933424598855246
2.9346665357695043
2.9358877057985846
2.9370884439948908
2.938269080300793
2.9394299396189822
2.9405713418820665
2.941693602121415
2.9427970305352433
2.9438819325559504
2.9449486089167034
2.945997355717276
2.947028464489139
2.9480422222598155
2.9490389116164892
2.9500188107688823
2.9509821936114
2.951929329784546
2.9528604847356155
2.9537759197786637
2.9546758921537615
2.955560655085538
2.956430457841015
2.9572855457867373
2.958126160445207
2.9589525395506215
2.959764917103926
2.9605635234271763
2.9613485852172303
2.9621203255987596
2.9628789641765954
2.9636247170874124
2.9643577970507518
2.965078413419395
2.9657867722290883
2.9664830762476284
2.9671675250233105
2.967840314932746
2.9685016392280583
2.9691516880834574
2.9697906486412027
2.9704187050569586
2.9710360385445482
2.971642827420112
2.972239247145676
2.9728254703721366
2.973401666981667
2.9739680041295515
2.974524646285452
2.9750717552741177
2.975609490315535
2.976138008064531
2.9766574626498357
2.9771680057126035
2.9776697864444053
2.978162951624694
2.9786476456577504
2.979124010609117
2.9795921862415176
2.9800523100502834
2.980504517298272
2.980948941050304
2.9813857122071075
2.981814959538786
2.9822368097178122
2.982651387351549
2.9830588150143145
2.98345921327898
2.983852700748125
2.9842393940847365
2.984619408042475
2.984992855495498
2.9853598474678567
2.9857204931624652
2.9860748999896507
2.9864231735952873
2.9867654178885212
2.9871017350690914
2.9874322256542496
2.987756988505286
2.9880761208536675
2.9883897183267867
2.988697874973337
2.9890006832883094
2.9892982342376193
2.989590617282371
2.9898779204027592
2.9901602301216155
2.9904376315276044
2.9907102082980743
2.9909780427215633
2.9912412157199717
2.991499806870399
2.9917538944266546
2.992003555340443
2.9922488652822303
2.992489898661797
2.9927267286484773
2.9929594271910935
2.993188065037587
2.993412711754352
2.993633435745275
2.9938503042704814
2.9940633834648005
2.9942727383559444
2.994478432882411
2.9946805299111103
2.9948790912547234
2.995074177688791
2.9952658489685415
2.995454163845459
2.9956391800835944
2.9958209544756267
2.995999542858674
2.99617500012986
2.99634738026164
2.9965167363168863
2.996683120463742
2.9968465839902416
2.997007177318704
2.9971649500199025
2.9973199508270087
2.9974722276493257
2.997621827585798
2.9977687969383164
2.9979131812248085
2.9980550251921287
2.9981943728287406
2.9983312673772025
2.9984657513464548
2.998597866523915
2.9987276539873786
2.9988551541167348
2.998980406605495
2.9991034504721386
### factor:3
0.0
0.0
0.0
0.0
0.0
0.0
0.0
0.0
0.0
0.0
0.0
0.0
0.0
0.0
0.0
0.0
0.0
0.0
0.0
0.0
0.0
0.0
0.0
0.0
0.0
0.0
0.0
0.0
0.0
0.0
0.0
0.0
0.0
0.0
0.0
0.0
0.0
0.0
0.0
0.0
0.0
0.0
0.0
0.0
0.0
0.0
0.0
0.0
0.0
0.0
0.0
0.0
0.0
0.0
0.0
0.0
0.0
0.0
0.0
0.0
0.0
0.0
0.0
0.0
0.0
0.0
0.0
0.0
0.0
0.0
0.0
0.0
0.0
0.0
0.0
0.0
0.0
0.0
0.0
0.0
0.0
0.0
0.0
0.0
0.0
0.0
0.0
0.0
0.0
0.0
0.0
0.0
0.0
0.0
0.0
0.0
0.0
0.0
0.0
0.0
0.0
0.0
0.0
0.0
0.0
0.0
0.0
0.0
0.0
0.0
0.0
0.0
0.0
0.0
0.0
0.0
0.0
0.0
0.0
0.0
0.0
0.0
0.0
0.0
0.0
0.0
0.0
0.0
0.0
0.0
0.0
0.0
0.0
0.0
0.0
0.0
0.0
0.0
0.0
0.0
0.0
0.0
0.0
0.0
0.0
0.0
0.0
0.0
0.0
0.0
0.0
0.0
0.0
0.0
0.0
0.0
0.0
0.0
0.0
0.0
0.0
0.0
0.0
0.0
0.0
0.0
0.0
0.0
0.0
0.0
0.0
0.0
0.0
0.0
0.0
0.0
0.0
0.0
0.0
0.0
0.0
0.0
0.0
0.0
0.0
0.0
0.0
0.0
0.0
0.0
0.0
0.0
0.0
0.0
0.0
0.0
0.0
0.0
0.0
0.0
0.0
0.0
0.0
0.0
0.0
0.0
0.0
0.0
0.0
0.0
0.0
0.0
0.0
0.0
0.0
0.0
0.0
0.0
0.0
0.0
0.0
0.0
0.0
0.0
0.0
0.0
0.0
0.0
0.0
0.0
0.0
0.0
0.0
0.0
0.0
0.0
0.0
0.0
0.0
0.0
0.0
0.0
0.0
0.0
0.0
0.0
0.0
0.0
0.0
0.0
0.0
0.0012398483960549683
0.009008306277501349
0.026683378678226927
0.05448370830573601
0.09096180038309651
0.13424125723086308
0.18260190699068593
0.23464884685602105
0.2893064945291134
0.3457613857597405
0.4034013498472016
0.4617650067727239
0.5205032895495859
0.5793511086735637
0.6381067252501612
0.696616742535607
0.7547651248949301
0.8124650901266988
0.8696530541260957
0.9262840471808346
0.9823281907766691
1.037767942624631
1.0925959010213784
1.1468130185674046
1.2004271172863314
1.253451627497724
1.3059044949147431
1.357807216748419
1.4091839797145018
1.460060881850777
1.51046522671045
1.5604248833206193
1.6099677086566153
1.6591210315634206
1.7079111982790929
1.7563631801739883
1.8045002441861169
1.8523436858662876
1.8999126240938893
1.9472238555184676
1.9942917657401706
2.0411282932601655
2.087742941384624
2.134142832604106
2.180332799522971
2.2263155061893345
2.272091593666501
2.3176598438699734
2.363017356039327
2.4081597306856475
2.4530812564156856
2.4977750956475315
2.5422334658671226
2.5864478137028675
2.6304089796950803
2.6741073521915295
2.7175330092991894
2.7606758482589937
2.803525701982743
2.8460724428001716
2.888306073712755
2.93021680764401
2.971795135319635
3.013031882511224
3.0539182574408605
3.0944458891768667
3.134606857859142
3.174393717581079
3.213799512728614
3.2528177885395744
3.2914425966013967
3.3296684959553993
3.3674905504232613
3.4049043227180222
3.441905865849123
3.4784917122798147
3.514658861246383
3.5504047646025887
3.585727311509836
3.62062481225398
3.6550959814334614
3.689139920730523
3.7227561014475454
3.7559443469638776
3.788704815244735
3.8210379815126125
3.852944621172998
3.8844257930697528
3.9154828231311654
3.946117288455158
3.976331001871279
4.006125997007729
4.035504513883623
4.064468985039822
4.093022022215791
4.121166403575055
4.148905061477631
4.17624107079444
4.203177637755811
4.229718089323934
4.255865863077246
4.281624497593289
4.3069976233154685
4.331988953888304
4.35660227794519
4.380841451332305
4.404710389752126
4.428213061809934
4.451353482446777
4.474135706742548
4.496563824073051
4.518641952605298
4.540374234115615
4.5617648291155675
4.582817912271179
4.6035376681013425
4.623928286941861
4.643993961162007
4.663738881621016
4.683167234352404
4.702283197464525
4.7210909382462365
4.739594610467059
4.757798351861656
4.775706281788927
4.7933224990564725
4.81065107990158
4.827696076120335
4.844461513336847
4.860951389404956
4.877169672935192
4.893120301940066
4.908807182591167
4.924234188081826
4.93940515758944
4.95432389533185
4.968994169712437
4.983419712548893
4.997604218380862
5.011551343851914
5.025264707161538
5.03874788758306
5.052004425043617
5.065037819762517
5.077851531944497
5.090448981524595
5.102833547961496
5.115008570076408
5.126977345934657
5.138743132767357
5.1503091469306295
5.161678563900007
5.172854518297759
5.183840103951017
5.1946383739786715
5.205252340905147
5.215684976799233
5.225939213436268
5.236017942482068
5.245924015697056
5.255660245159158
5.265229403504093
5.2746342241817645
5.2838774017275325
5.292961592047209
5.301889412714689
5.310663443281185
5.319286225595082
5.32776026413151
5.336088026330747
5.344271942944647
5.352314408390311
5.360217781110269
5.367984383938498
5.3756165044716
5.383116395444563
5.39048627511049
5.397728327623788
5.404844703426279
5.4118375196357595
5.418708860436564
5.425460777471693
5.432095290236114
5.4386143864708485
5.445020022557513
5.451314123912954
5.457498585383687
5.463575271639843
5.469546017568347
5.475412628665072
5.48117688142574
5.48684052373533
5.492405275255806
5.4978728278119595
5.503244845775177
5.50852296644499
5.513708800428232
5.5188039320156665
5.523809919555946
5.528728295826792
5.53356056840327
5.5383082200230636
5.542972708948646
5.547555469326267
5.55205791154167
5.556481422572481
5.560827366337178
5.565097084040613
5.569291894516011
5.57341309456341
5.577461959284498
5.581439742413811
5.585347676646264
5.589186973960982
5.592958825941417
5.596664404091727
5.600304860149405
5.603881326394151
5.607394915952971
5.61084672310151
5.614237823561614
5.617569274795119
5.6208421162938755
5.624057369866024
5.62721603991851
5.630319113735877
5.633367561755327
5.6363623378380865
5.639304379537072
5.6421946083609
5.645033930034244
5.647823234754562
5.650563397445233
5.653255278005109
5.6558997215545235
5.6584975586777695
5.661049605662095
5.66355666473322
5.666019524287429
5.668438959120252
5.670815730651776
5.6731505871486165
5.675444263942577
5.6776974836460345
5.679910956364087
5.682085379903486
5.684221439978405
5.686319810413057
5.688381153341222
5.690406119402698
5.692395347936715
5.694349467172364
5.696269094416046
5.698154836236011
5.700007288643997
5.701827037274016
5.703614657558316
5.705370714900571
5.707095764846309
5.708790353250634
5.710455016443273
5.712090281390977
5.7136966658573165
5.715274678559907
5.716824819325095
5.7183475792401435
5.7198434408029515
5.721312878069338
5.722756356797927
5.724174334592666
5.72556726104302
5.7269355778618545
5.728279719021064
5.72960011088496
5.730897172341467
5.732171314931142
5.7334229429740615
5.734652453694608
5.735860237344173
5.737046677321831
5.738212150292988
5.73935702630606
5.740481668907194
5.741586435253069
5.742671676221808
5.743737736522018
5.744784954800007
5.745813663745185
5.746824190193694
5.747816855230282
5.74879197428846
5.749749857248957
5.750690808536508
5.751615127215002
5.752523107081012
5.753415036755725
5.754291199775321
5.7551518746798
5.755997335100299
5.75682784984491
5.757643682983041
5.75844509392832
5.759232337520093
5.760005664103508
5.76076531960824
5.761511545625851
5.762244579485828
5.7629646543303075
5.763671999187513
5.764366839043931
5.765049394915239
5.765719883916003
5.766378519328187
5.767025510668458
5.767661063754341
5.768285380769222
5.7688986603262284
5.769501097530998
5.770092884043365
5.770674208137963
5.771245254763796
5.7718062056027515
5.772357239127111
5.772898530656058
5.773430252411194
5.773952573571096
5.774465660324923
5.774969675925083
5.775464780738982
5.775951132299878
5.776428885356832
5.776898191923803
5.777359201327871
5.777812060256628
5.778256912804731
5.778693900519649
5.779123162446599
5.779544835172707
5.7799590528703835
5.780365947339949
5.780765648051505
5.781158282186073
5.7815439746760156
5.78192284824474
5.782295023445713
5.782660618700786
5.783019750337846
5.783372532627812
5.783719077820969
5.7840594961826755
5.784393896028438
5.784722383758364
5.785045063891017
5.785362039096671
5.785673410229979
5.785979276362069
5.786279734812074
5.786574881178101
5.786864809367667
5.7871496116275845
5.7874293785733295
5.787704199217888
5.787974161000094
5.7882393498124705
5.788499850028573
5.7887557445298565
5.78900711473207
5.789254040611176
5.789496600728823
5.789734872257358
5.789968931004409
5.790198851437021
5.790424706705377
5.790646568666092
5.790864507905097
5.791078593760123
5.791288894342782
5.791495476560263
5.791698406136637
5.7918977476337945
5.792093564472007
5.792285918950127
5.792474872265428
5.792660484533098
5.792842814805385
5.793021921090406
5.793197860370622
5.793370688620984
5.793540460826763
5.793707231001061
5.7938710522020145
5.794031976549689
5.794190055242678
5.794345338574413
5.794497875949172
5.794647715897817
5.79479490609325
5.794939493365587
5.795081523717077
5.795221042336747
5.795358093614789
5.795492721156697
5.79562496779715
5.795754875613648
5.795882485939911
5.796007839379038
5.796130975816429
5.796251934432489
5.796370753715096
### END
