### NP, NF, NT, dt
2 3 1000 0.4
### promoter data
#   name
#   type, strength, number of genes
#   factor name
#   k, n
###
p1
1 0.5 1
input 1
0.9 2
p2
0 0.5 1
input 2
0.9 2
### factor data
#   name
#   degeneration, copy rate, number of genes
#   initial value
#   input type, timing, strength
###
input 1
0.05 0.1 1
0.0
1 100.0 1.5
input 2
0.05 0.1 1
0.0
1 200.0 1.0
A
0.05 0.1 1
1.0
0 0.0 1.0
### input type
1
### input data
### factor:0
0.0
0.0
0.0
0.0
0.0
0.0
0.0
0.0
0.0
0.0
0.0
0.0
0.0
0.0
0.0
0.0
0.0
0.0
0.0
0.0
0.0
0.0
0.0
0.0
0.0
0.0
0.0
0.0
0.0
0.0
0.0
0.0
0.0
0.0
0.0
0.0
0.0
0.0
0.0
0.0
0.0
0.0
0.0
0.0
0.0
0.0
0.0
0.0
0.0
0.0
0.0
0.0
0.0
0.0
0.0
0.0
0.0
0.0
0.0
0.0
0.0
0.0
0.0
0.0
0.0
0.0
0.0
0.0
0.0
0.0
0.0
0.0
0.0
0.0
0.0
0.0
0.0
0.0
0.0
0.0
0.0
0.0
0.0
0.0
0.0
0.0
0.0
0.0
0.0
0.0
0.0
0.0
0.0
0.0
0.0
0.0
0.0
0.0
0.0
0.0
0.0
0.0
0.0
0.0
0.0
0.0
0.0
0.0
0.0
0.0
0.0
0.0
0.0
0.0
0.0
0.0
0.0
0.0
0.0
0.0
0.0
0.0
0.0
0.0
0.0
0.0
0.0
0.0
0.0
0.0
0.0
0.0
0.0
0.0
0.0
0.0
0.0
0.0
0.0
0.0
0.0
0.0
0.0
0.0
0.0
0.0
0.0
0.0
0.0
0.0
0.0
0.0
0.0
0.0
0.0
0.0
0.0
0.0
0.0
0.0
0.0
0.0
0.0
0.0
0.0
0.0
0.0
0.0
0.0
0.0
0.0
0.0
0.0
0.0
0.0
0.0
0.0
0.0
0.0
0.0
0.0
0.0
0.0
0.0
0.0
0.0
0.0
0.0
0.0
0.0
0.0
0.0
0.0
0.0
0.0
0.0
0.0
0.0
0.0
0.0
0.0
0.0
0.0
0.0
0.0
0.0
0.0
0.0
0.0
0.0
0.0
0.0
0.0
0.0
0.0
0.0
0.0
0.0
0.0
0.0
0.0
0.0
0.0
0.0
0.0
0.0
0.0
0.0
0.0
0.0
0.0
0.0
0.0
0.0
0.0
0.0
0.0
0.0
0.0
0.0
0.0
0.0
0.0
0.0
0.0
0.0
0.0
0.0
0.0
0.0
1.5
1.5
1.5
1.5
1.5
1.5
1.5
1.5
1.5
1.5
1.5
1.5
1.5
1.5
1.5
1.5
1.5
1.5
1.5
1.5
1.5
1.5
1.5
1.5
1.5
1.5
1.5
1.5
1.5
1.5
1.5
1.5
1.5
1.5
1.5
1.5
1.5
1.5
1.5
1.5
1.5
1.5
1.5
1.5
1.5
1.5
1.5
1.5
1.5
1.5
1.5
1.5
1.5
1.5
1.5
1.5
1.5
1.5
1.5
1.5
1.5
1.5
1.5
1.5
1.5
1.5
1.5
1.5
1.5
1.5
1.5
1.5
1.5
1.5
1.5
1.5
1.5
1.5
1.5
1.5
1.5
1.5
1.5
1.5
1.5
1.5
1.5
1.5
1.5
1.5
1.5
1.5
1.5
1.5
1.5
1.5
1.5
1.5
1.5
1.5
1.5
1.5
1.5
1.5
1.5
1.5
1.5
1.5
1.5
1.5
1.5
1.5
1.5
1.5
1.5
1.5
1.5
1.5
1.5
1.5
1.5
1.5
1.5
1.5
1.5
1.5
1.5
1.5
1.5
1.5
1.5
1.5
1.5
1.5
1.5
1.5
1.5
1.5
1.5
1.5
1.5
1.5
1.5
1.5
1.5
1.5
1.5
1.5
1.5
1.5
1.5
1.5
1.5
1.5
1.5
1.5
1.5
1.5
1.5
1.5
1.5
1.5
1.5
1.5
1.5
1.5
1.5
1.5
1.5
1.5
1.5
1.5
1.5
1.5
1.5
1.5
1.5
1.5
1.5
1.5
1.5
1.5
1.5
1.5
1.5
1.5
1.5
1.5
1.5
1.5
1.5
1.5
1.5
1.5
1.5
1.5
1.5
1.5
1.5
1.5
1.5
1.5
1.5
1.5
1.5
1.5
1.5
1.5
1.5
1.5
1.5
1.5
1.5
1.5
1.5
1.5
1.5
1.5
1.5
1.5
1.5
1.5
1.5
1.5
1.5
1.5
1.5
1.5
1.5
1.5
1.5
1.5
1.5
1.5
1.5
1.5
1.5
1.5
1.5
1.5
1.5
1.5
1.5
1.5
1.5
1.5
1.5
1.5
1.5
1.5
1.5
1.5
1.5
1.5
1.5
1.5
1.5
1.5
1.5
1.5
1.5
1.5
1.5
1.5
1.5
1.5
1.5
1.5
1.5
1.5
1.5
1.5
1.5
1.5
1.5
1.5
1.5
1.5
1.5
1.5
1.5
1.5
1.5
1.5
1.5
1.5
1.5
1.5
1.5
1.5
1.5
1.5
1.5
1.5
1.5
1.5
1.5
1.5
1.5
1.5
1.5
1.5
1.5
1.5
1.5
1.5
1.5
1.5
1.5
1.5
1.5
1.5
1.5
1.5
1.5
1.5
1.5
1.5
1.5
1.5
1.5
1.5
1.5
1.5
1.5
1.5
1.5
1.5
1.5
1.5
1.5
1.5
1.5
1.5
1.5
1.5
1.5
1.5
1.5
1.5
1.5
1.5
1.5
1.5
1.5
1.5
1.5
1.5
1.5
1.5
1.5
1.5
1.5
1.5
1.5
1.5
1.5
1.5
1.5
1.5
1.5
1.5
1.5
1.5
1.5
1.5
1.5
1.5
1.5
1.5
1.5
1.5
1.5
1.5
1.5
1.5
1.5
1.5
1.5
1.5
1.5
1.5
1.5
1.5
1.5
1.5
1.5
1.5
1.5
1.5
1.5
1.5
1.5
1.5
1.5
1.5
1.5
1.5
1.5
1.5
1.5
1.5
1.5
1.5
1.5
1.5
1.5
1.5
1.5
1.5
1.5
1.5
1.5
1.5
1.5
1.5
1.5
1.5
1.5
1.5
1.5
1.5
1.5
1.5
1.5
1.5
1.5
1.5
1.5
1.5
1.5
1.5
1.5
1.5
1.5
1.5
1.5
1.5
1.5
1.5
1.5
1.5
1.5
1.5
1.5
1.5
1.5
1.5
1.5
1.5
1.5
1.5
1.5
1.5
1.5
1.5
1.5
1.5
1.5
1.5
1.5
1.5
1.5
1.5
1.5
1.5
1.5
1.5
1.5
1.5
1.5
1.5
1.5
1.5
1.5
1.5
1.5
1.5
1.5
1.5
1.5
1.5
1.5
1.5
1.5
1.5
1.5
1.5
1.5
1.5
1.5
1.5
1.5
1.5
1.5
1.5
1.5
1.5
1.5
1.5
1.5
1.5
1.5
1.5
1.5
1.5
1.5
1.5
1.5
1.5
1.5
1.5
1.5
1.5
1.5
1.5
1.5
1.5
1.5
1.5
1.5
1.5
1.5
1.5
1.5
1.5
1.5
1.5
1.5
1.5
1.5
1.5
1.5
1.5
1.5
1.5
1.5
1.5
1.5
1.5
1.5
1.5
1.5
1.5
1.5
1.5
1.5
1.5
1.5
1.5
1.5
1.5
1.5
1.5
1.5
1.5
1.5
1.5
1.5
1.5
1.5
1.5
1.5
1.5
1.5
1.5
1.5
1.5
1.5
1.5
1.5
1.5
1.5
1.5
1.5
1.5
1.5
1.5
1.5
1.5
1.5
1.5
1.5
1.5
1.5
1.5
1.5
1.5
1.5
1.5
1.5
1.5
1.5
1.5
1.5
1.5
1.5
1.5
1.5
1.5
1.5
1.5
1.5
1.5
1.5
1.5
1.5
1.5
1.5
1.5
1.5
1.5
1.5
1.5
1.5
1.5
1.5
1.5
1.5
1.5
1.5
1.5
1.5
1.5
1.5
1.5
1.5
1.5
1.5
1.5
1.5
1.5
1.5
1.5
1.5
1.5
1.5
1.5
1.5
1.5
1.5
1.5
1.5
1.5
1.5
1.5
1.5
1.5
1.5
1.5
1.5
1.5
1.5
1.5
1.5
1.5
1.5
1.5
1.5
1.5
1.5
1.5
1.5
1.5
1.5
1.5
1.5
1.5
1.5
1.5
1.5
1.5
1.5
1.5
1.5
1.5
1.5
1.5
1.5
1.5
1.5
1.5
1.5
1.5
1.5
1.5
1.5
1.5
1.5
1.5
1.5
1.5
1.5
1.5
1.5
1.5
1.5
1.5
1.5
1.5
1.5
1.5
1.5
1.5
1.5
1.5
1.5
1.5
1.5
1.5
1.5
1.5
1.5
1.5
1.5
1.5
1.5
1.5
1.5
1.5
1.5
1.5
1.5
1.5
1.5
1.5
1.5
1.5
1.5
1.5
1.5
1.5
1.5
1.5
1.5
1.5
1.5
1.5
1.5
1.5
1.5
1.5
1.5
1.5
1.5
1.5
1.5
1.5
1.5
1.5
### factor:1
0.0
0.0
0.0
0.0
0.0
0.0
0.0
0.0
0.0
0.0
0.0
0.0
0.0
0.0
0.0
0.0
0.0
0.0
0.0
0.0
0.0
0.0
0.0
0.0
0.0
0.0
0.0
0.0
0.0
0.0
0.0
0.0
0.0
0.0
0.0
0.0
0.0
0.0
0.0
0.0
0.0
0.0
0.0
0.0
0.0
0.0
0.0
0.0
0.0
0.0
0.0
0.0
0.0
0.0
0.0
0.0
0.0
0.0
0.0
0.0
0.0
0.0
0.0
0.0
0.0
0.0
0.0
0.0
0.0
0.0
0.0
0.0
0.0
0.0
0.0
0.0
0.0
0.0
0.0
0.0
0.0
0.0
0.0
0.0
0.0
0.0
0.0
0.0
0.0
0.0
0.0
0.0
0.0
0.0
0.0
0.0
0.0
0.0
0.0
0.0
0.0
0.0
0.0
0.0
0.0
0.0
0.0
0.0
0.0
0.0
0.0
0.0
0.0
0.0
0.0
0.0
0.0
0.0
0.0
0.0
0.0
0.0
0.0
0.0
0.0
0.0
0.0
0.0
0.0
0.0
0.0
0.0
0.0
0.0
0.0
0.0
0.0
0.0
0.0
0.0
0.0
0.0
0.0
0.0
0.0
0.0
0.0
0.0
0.0
0.0
0.0
0.0
0.0
0.0
0.0
0.0
0.0
0.0
0.0
0.0
0.0
0.0
0.0
0.0
0.0
0.0
0.0
0.0
0.0
0.0
0.0
0.0
0.0
0.0
0.0
0.0
0.0
0.0
0.0
0.0
0.0
0.0
0.0
0.0
0.0
0.0
0.0
0.0
0.0
0.0
0.0
0.0
0.0
0.0
0.0
0.0
0.0
0.0
0.0
0.0
0.0
0.0
0.0
0.0
0.0
0.0
0.0
0.0
0.0
0.0
0.0
0.0
0.0
0.0
0.0
0.0
0.0
0.0
0.0
0.0
0.0
0.0
0.0
0.0
0.0
0.0
0.0
0.0
0.0
0.0
0.0
0.0
0.0
0.0
0.0
0.0
0.0
0.0
0.0
0.0
0.0
0.0
0.0
0.0
0.0
0.0
0.0
0.0
0.0
0.0
0.0
0.0
0.0
0.0
0.0
0.0
0.0
0.0
0.0
0.0
0.0
0.0
0.0
0.0
0.0
0.0
0.0
0.0
0.0
0.0
0.0
0.0
0.0
0.0
0.0
0.0
0.0
0.0
0.0
0.0
0.0
0.0
0.0
0.0
0.0
0.0
0.0
0.0
0.0
0.0
0.0
0.0
0.0
0.0
0.0
0.0
0.0
0.0
0.0
0.0
0.0
0.0
0.0
0.0
0.0
0.0
0.0
0.0
0.0
0.0
0.0
0.0
0.0
0.0
0.0
0.0
0.0
0.0
0.0
0.0
0.0
0.0
0.0
0.0
0.0
0.0
0.0
0.0
0.0
0.0
0.0
0.0
0.0
0.0
0.0
0.0
0.0
0.0
0.0
0.0
0.0
0.0
0.0
0.0
0.0
0.0
0.0
0.0
0.0
0.0
0.0
0.0
0.0
0.0
0.0
0.0
0.0
0.0
0.0
0.0
0.0
0.0
0.0
0.0
0.0
0.0
0.0
0.0
0.0
0.0
0.0
0.0
0.0
0.0
0.0
0.0
0.0
0.0
0.0
0.0
0.0
0.0
0.0
0.0
0.0
0.0
0.0
0.0
0.0
0.0
0.0
0.0
0.0
0.0
0.0
0.0
0.0
0.0
0.0
0.0
0.0
0.0
0.0
0.0
0.0
0.0
0.0
0.0
0.0
0.0
0.0
0.0
0.0
0.0
0.0
0.0
0.0
0.0
0.0
0.0
0.0
0.0
0.0
0.0
0.0
0.0
0.0
0.0
0.0
0.0
0.0
0.0
0.0
0.0
0.0
0.0
0.0
0.0
0.0
0.0
0.0
0.0
0.0
0.0
0.0
0.0
0.0
0.0
0.0
0.0
0.0
0.0
0.0
0.0
0.0
0.0
0.0
0.0
0.0
0.0
0.0
0.0
0.0
0.0
0.0
0.0
0.0
0.0
0.0
0.0
0.0
0.0
0.0
0.0
0.0
0.0
0.0
0.0
0.0
0.0
0.0
0.0
0.0
0.0
0.0
0.0
0.0
0.0
0.0
0.0
0.0
0.0
0.0
0.0
0.0
0.0
0.0
0.0
0.0
0.0
1.0
1.0
1.0
1.0
1.0
1.0
1.0
1.0
1.0
1.0
1.0
1.0
1.0
1.0
1.0
1.0
1.0
1.0
1.0
1.0
1.0
1.0
1.0
1.0
1.0
1.0
1.0
1.0
1.0
1.0
1.0
1.0
1.0
1.0
1.0
1.0
1.0
1.0
1.0
1.0
1.0
1.0
1.0
1.0
1.0
1.0
1.0
1.0
1.0
1.0
1.0
1.0
1.0
1.0
1.0
1.0
1.0
1.0
1.0
1.0
1.0
1.0
1.0
1.0
1.0
1.0
1.0
1.0
1.0
1.0
1.0
1.0
1.0
1.0
1.0
1.0
1.0
1.0
1.0
1.0
1.0
1.0
1.0
1.0
1.0
1.0
1.0
1.0
1.0
1.0
1.0
1.0
1.0
1.0
1.0
1.0
1.0
1.0
1.0
1.0
1.0
1.0
1.0
1.0
1.0
1.0
1.0
1.0
1.0
1.0
1.0
1.0
1.0
1.0
1.0
1.0
1.0
1.0
1.0
1.0
1.0
1.0
1.0
1.0
1.0
1.0
1.0
1.0
1.0
1.0
1.0
1.0
1.0
1.0
1.0
1.0
1.0
1.0
1.0
1.0
1.0
1.0
1.0
1.0
1.0
1.0
1.0
1.0
1.0
1.0
1.0
1.0
1.0
1.0
1.0
1.0
1.0
1.0
1.0
1.0
1.0
1.0
1.0
1.0
1.0
1.0
1.0
1.0
1.0
1.0
1.0
1.0
1.0
1.0
1.0
1.0
1.0
1.0
1.0
1.0
1.0
1.0
1.0
1.0
1.0
1.0
1.0
1.0
1.0
1.0
1.0
1.0
1.0
1.0
1.0
1.0
1.0
1.0
1.0
1.0
1.0
1.0
1.0
1.0
1.0
1.0
1.0
1.0
1.0
1.0
1.0
1.0
1.0
1.0
1.0
1.0
1.0
1.0
1.0
1.0
1.0
1.0
1.0
1.0
1.0
1.0
1.0
1.0
1.0
1.0
1.0
1.0
1.0
1.0
1.0
1.0
1.0
1.0
1.0
1.0
1.0
1.0
1.0
1.0
1.0
1.0
1.0
1.0
1.0
1.0
1.0
1.0
1.0
1.0
1.0
1.0
1.0
1.0
1.0
1.0
1.0
1.0
1.0
1.0
1.0
1.0
1.0
1.0
1.0
1.0
1.0
1.0
1.0
1.0
1.0
1.0
1.0
1.0
1.0
1.0
1.0
1.0
1.0
1.0
1.0
1.0
1.0
1.0
1.0
1.0
1.0
1.0
1.0
1.0
1.0
1.0
1.0
1.0
1.0
1.0
1.0
1.0
1.0
1.0
1.0
1.0
1.0
1.0
1.0
1.0
1.0
1.0
1.0
1.0
1.0
1.0
1.0
1.0
1.0
1.0
1.0
1.0
1.0
1.0
1.0
1.0
1.0
1.0
1.0
1.0
1.0
1.0
1.0
1.0
1.0
1.0
1.0
1.0
1.0
1.0
1.0
1.0
1.0
1.0
1.0
1.0
1.0
1.0
1.0
1.0
1.0
1.0
1.0
1.0
1.0
1.0
1.0
1.0
1.0
1.0
1.0
1.0
1.0
1.0
1.0
1.0
1.0
1.0
1.0
1.0
1.0
1.0
1.0
1.0
1.0
1.0
1.0
1.0
1.0
1.0
1.0
1.0
1.0
1.0
1.0
1.0
1.0
1.0
1.0
1.0
1.0
1.0
1.0
1.0
1.0
1.0
1.0
1.0
1.0
1.0
1.0
1.0
1.0
1.0
1.0
1.0
1.0
1.0
1.0
1.0
1.0
1.0
1.0
1.0
1.0
1.0
1.0
1.0
1.0
1.0
1.0
1.0
1.0
1.0
1.0
1.0
1.0
1.0
1.0
1.0
1.0
1.0
1.0
1.0
1.0
1.0
1.0
1.0
1.0
1.0
1.0
1.0
1.0
1.0
1.0
1.0
1.0
1.0
1.0
1.0
1.0
1.0
1.0
1.0
1.0
1.0
1.0
1.0
1.0
1.0
1.0
1.0
1.0
1.0
1.0
1.0
1.0
1.0
1.0
1.0
1.0
1.0
1.0
1.0
1.0
1.0
1.0
1.0
1.0
1.0
1.0
1.0
1.0
1.0
1.0
1.0
1.0
1.0
1.0
1.0
1.0
1.0
1.0
1.0
1.0
1.0
1.0
1.0
1.0
1.0
### factor:2
1.0
1.0
1.0
1.0
1.0
1.0
1.0
1.0
1.0
1.0
1.0
1.0
1.0
1.0
1.0
1.0
1.0
1.0
1.0
1.0
1.0
1.0
1.0
1.0
1.0
1.0
1.0
1.0
1.0
1.0
1.0
1.0
1.0
1.0
1.0
1.0
1.0
1.0
1.0
1.0
1.0
1.0
1.0
1.0
1.0
1.0
1.0
1.0
1.0
1.0
1.0
1.0
1.0
1.0
1.0
1.0
1.0
1.0
1.0
1.0
1.0
1.0
1.0
1.0
1.0
1.0
1.0
1.0
1.0
1.0
1.0
1.0
1.0
1.0
1.0
1.0
1.0
1.0
1.0
1.0
1.0
1.0
1.0
1.0
1.0
1.0
1.0
1.0
1.0
1.0
1.0
1.0
1.0
1.0
1.0
1.0
1.0
1.0
1.0
1.0
1.0
1.0
1.0
1.0
1.0
1.0
1.0
1.0
1.0
1.0
1.0
1.0
1.0
1.0
1.0
1.0
1.0
1.0
1.0
1.0
1.0
1.0
1.0
1.0
1.0
1.0
1.0
1.0
1.0
1.0
1.0
1.0
1.0
1.0
1.0
1.0
1.0
1.0
1.0
1.0
1.0
1.0
1.0
1.0
1.0
1.0
1.0
1.0
1.0
1.0
1.0
1.0
1.0
1.0
1.0
1.0
1.0
1.0
1.0
1.0
1.0
1.0
1.0
1.0
1.0
1.0
1.0
1.0
1.0
1.0
1.0
1.0
1.0
1.0
1.0
1.0
1.0
1.0
1.0
1.0
1.0
1.0
1.0
1.0
1.0
1.0
1.0
1.0
1.0
1.0
1.0
1.0
1.0
1.0
1.0
1.0
1.0
1.0
1.0
1.0
1.0
1.0
1.0
1.0
1.0
1.0
1.0
1.0
1.0
1.0
1.0
1.0
1.0
1.0
1.0
1.0
1.0
1.0
1.0
1.0
1.0
1.0
1.0
1.0
1.0
1.0
1.0
1.0
1.0
1.0
1.0
1.0
1.0
1.0
1.0
1.0
1.0
1.0
1.0
1.0
1.0
1.0
1.0
1.0
1.0
1.0
1.0
1.0
1.0
1.0
1.0
1.0145597990196078
1.0288312947026275
1.0428201958376055
1.0565320981715023
1.0699724866480642
1.0831467376018749
1.0960601209089604
1.1087178020948105
1.121124844400657
1.1332862108088382
1.145206766028058
1.1568912784393341
1.1683444220034138
1.1795707781304208
1.1905748375124807
1.2013610019200571
1.2119335859627187
1.2222968188150407
1.232454845908331
1.2424117305888585
1.2521714557432444
1.2617379253916714
1.2711149662495431
1.2803063292582215
1.289315691085453
1.2981466555960854
1.306802755293661
1.3152874527334657
1.323604141907597
1.3317561496026062
1.3397467367302573
1.3475790996319355
1.3552563713572254
1.3627816229171743
1.3701578645127357
1.377388046738891
1.3844750617649269
1.3914217444913406
1.398230873683839
1.404905173084881
1.4114473125032119
1.4178599088818216
1.424145527344757
1.4303066822232058
1.4363458380612624
1.4422654106017787
1.4480677677526932
1.4537552305342258
1.4593300740073167
1.4647945281836816
1.4701507789178452
1.475400968781513
1.4805471979206284
1.4855915248954585
1.4905359675040466
1.4953825035893575
1.5001330718304413
1.5047895725179312
1.5093538683141845
1.5138277849983728
1.518213112196818
1.5225116040988667
1.526724980158589
1.530854925782583
1.5349030930041607
1.538871101144183
1.5427605374588085
1.546572957774419
1.5503098871099694
1.5539728202870162
1.5575632225276663
1.5610825300406845
1.564532150595997
1.5679134640878176
1.5712278230866243
1.574476553380205
1.5776609545039906
1.5807823002608865
1.5838418392308105
1.5868407952701415
1.5897803680012788
1.5926617332925064
1.5954860437283565
1.5982544290706582
1.6009679967104578
1.6036278321109896
1.6062349992418758
1.608790541004729
1.6112954796503254
1.6137508171875203
1.6161575357840645
1.6185165981594838
1.6208289479701803
1.6230955101869076
1.625317191464771
1.6274948805059024
1.6296294484149518
1.631721749047542
1.6337726193518214
1.6357828797032548
1.6377533342327844
1.639684771148493
1.6415779630508975
1.643433667242
1.6452526260282176
1.6470355670173162
1.6487832034094623
1.650496234282513
1.6521753448716563
1.6538212068435145
1.6554344785648196
1.657015805365769
1.6585658197981663
1.6600851418884495
1.6615743793857112
1.6630341280048053
1.6644649716646416
1.6658674827217606
1.6672422221992838
1.668589740011331
1.6699105751829928
1.6712052560659476
1.67247430054981
1.6737182162692927
1.6749375008072684
1.676132641893808
1.6773041176012802
1.6784523965355866
1.6795779380236104
1.6806811922969531
1.6817626006720328
1.6828225957266174
1.6838616014728611
1.684880033526915
1.6858782992751788
1.686856798037261
1.6878159212257124
1.6887560525025958
1.6896775679329559
1.690580836135251
1.691466218428805
1.6923340689783393
1.6931847349356446
1.694018556578445
1.6948358674465145
1.6956369944750973
1.6964222581256856
1.697191972514209
1.6979464455366853
1.6986859789923823
1.6994108687045422
1.7001214046387143
1.7008178710187454
1.701500546440473
1.702169703983168
1.7028256113187685
1.7034685308189537
1.7040987196600954
1.704716429926132
1.7053219087094054
1.7059153982095014
1.7064971358301328
1.707067354274104
1.7076262816363945
1.7081741414954015
1.7087111530023726
1.7092375309690706
1.7097534859536998
1.7102592243451331
1.7107549484454696
1.711240856550959
1.7117171430313214
1.7121839984074994
1.7126416094278676
1.713090159142935
1.7135298269785684
1.7139607888077635
1.7143832170209978
1.7147972805951888
1.7152031451612864
1.7156009730705282
1.715990923459382
1.7163731523132022
1.7167478125286266
1.7171150539747364
1.7174750235530063
1.7178278652560668
1.7181737202253033
1.7185127268073146
1.7188450206092534
1.7191707345530707
1.7194899989286865
1.7198029414461078
1.7201096872865138
1.7204103591523303
1.7207050773163122
1.7209939596696544
1.72127712176915
1.7215546768834138
1.721826736038192
1.722093408060774
1.7223547996235238
1.7226110152865517
1.7228621575395389
1.7231083268427347
1.723349621667143
1.72358613853391
1.7238179720529359
1.7240452149607193
1.724267958157453
1.7244862907433853
1.7247003000544618
1.7249100716972599
1.7251156895832336
1.7253172359622786
1.7255147914556337
1.72570843508813
1.7258982443198023
1.726084295076874
1.7262666617821283
1.7264454173846786
1.7266206333891494
1.7267923798842784
1.7269607255709536
1.727125737789694
1.7272874825475872
1.7274460245446928
1.7276014271999232
1.7277537526764124
1.727903061906382
1.7280494146155148
1.7281928693468454
1.728333483484179
1.7284713132750453
1.7286064138531982
1.7287388392606704
1.7288686424693902
1.7289958754023718
1.7291205889544845
1.7292428330128122
1.729362656476608
1.7294801072768549
1.7295952323954387
1.7297080778839418
1.7298186888820641
1.7299271096356799
1.7300333835145358
1.7301375530296004
1.7302396598500684
1.7303397448200295
1.7194978884904597
1.7088707152997449
1.6984539742369227
1.6882434984666874
1.6782352036626007
1.6684250863733059
1.6588092224210949
1.6493837653321837
1.6401449447980727
1.6310890651673724
1.6222125039674935
1.6135117104556103
1.604983204198315
1.596623573679399
1.5884294749352008
1.5803976302169753
1.5725248266797514
1.5648079150971506
1.5572438086016547
1.5498294814498175
1.5425619678119273
1.5354383605856354
1.5284558102330765
1.521611523641015
1.5149027630035632
1.508326844727022
1.501881138356408
1.4955630655232357
1.489370098914137
1.4832997612599008
1.4773496243445332
1.471517308033938
1.4658004793238324
1.460196851406513
1.4547041827561027
1.449320276231911
1.4440429781995476
1.4388701776694404
1.4337998054524113
1.4288298333319733
1.4239582732530163
1.419183176526559
1.4145026330502473
1.4099147705442874
1.4054177538025099
1.4010097839582618
1.3966890977648365
1.3924539668901514
1.388302697225392
1.384233628207346
1.3802451321541553
1.3763356136142226
1.3725035087280086
1.3687472846024675
1.3650654386978693
1.3614564982267645
1.3579190195648485
1.3544515876734935
1.3510528155337136
1.347721343591339
1.3444558392131765
1.341254996153937
1.3381175340337226
1.3350421978258546
1.3320277573548485
1.329073006804326
1.326176764234673
1.3233378711102475
1.3205551918359506
1.3178276133029725
1.315154044443535
1.312533415794449
1.3099646790693156
1.307446806739197
1.3049787916215922
1.3025596464775495
1.300188403616758
1.297864114510459
1.2955858494120216
1.2933526969850315
1.2911637639387448
1.2890181746707592
1.2869150709167614
1.2848536114072104
1.2828329715308182
1.280852343004694
1.2789109335510211
1.277007966580134
1.2751426808798731
1.27331433031109
1.2715221835091806
1.2697655235915304
1.2680436478707517
1.2663558675735997
1.264701507565453
1.263079906080252
1.2614904144557826
1.259932396874203
1.2584052301077089
1.2569083032692325
1.255441017568081
1.2540027860704113
1.2525930334644493
1.2512111958303571
1.2498567204146578
1.2485290654091268
1.247227699734061
1.2459521028258398
1.2447017644286933
1.2434761843905926
1.2422748724631825
1.2410973481056755
1.2399431402926295
1.2388117873255309
1.237702836648109
1.2366158446653082
1.2355503765658427
1.2345060061482678
1.2334823156504922
1.2324788955826687
1.231495344563392
1.2305312691591415
1.2295862837269016
1.2286600102599008
1.2277520782364029
1.2268621244714932
1.2259897929718009
1.2251347347930954
1.2242966079007056
1.2234750770327
1.2226698135657788
1.2218804953838187
1.2211068067490236
1.2203484381756242
1.2196050863060806
1.2188764537897339
1.2181622491638633
1.2174621867370965
1.2167759864751293
1.216103373888708
1.2154440799238304
1.214797840854121
1.2141643981753354
1.213543498501957
1.2129348934658386
1.2123383396168512
1.211753598325502
1.211180435687478
1.210618622430083
1.2100679338205231
1.2095281495760128
1.2089990537756576
1.2084804347740832
1.2079720851167746
1.2074738014570912
1.2069853844749259
1.2065066387969738
1.2060373729185812
1.2055773991271401
1.2051265334270016
1.2046845954658743
1.2042514084626816
1.203826799136847
1.2034105976389788
1.2030026374829292
1.2026027554791965
1.2022107916696478
1.2018265892635336
1.2014499945747688
1.2010808569604572
1.2007190287606315
1.2003643652391878
1.200016724525989
1.1996759675601147
1.1993419580342357
1.1990145623400885
1.1986936495150304
1.1983790911896528
1.1980707615364317
1.197768537219395
1.1974722973447864
1.1971819234127068
1.1968972992697118
1.1966183110623494
1.1963448471916172
1.196076798268321
1.1958140570693174
1.1955565184946242
1.1953040795253778
1.1950566391826247
1.194814098486929
1.194576360418779
1.1943433298797772
1.1941149136546017
1.1938910203737167
1.193671560476825
1.193456446177042
1.1932455914257796
1.1930389118783262
1.1928363248601073
1.1926377493336144
1.1924431058659897
1.192252316597251
1.192065305209147
1.1918819968946293
1.191702318327928
1.1915261976352212
1.1913535643658832
1.191184349464305
1.1910184852422698
1.1908559053518775
1.190696544759004
1.190540339717288
1.19038722774263
1.1902371475881988
1.1900900392199316
1.1899458437925199
1.1898045036258702
1.1896659621820314
1.1895301640425788
1.1893970548864465
1.189266581468197
1.1891386915967237
1.1890133341143727
1.18889045887648
1.1887700167313118
1.1886519595004046
1.188536239959292
1.1884228118186146
1.188311629705604
1.1882026491459325
1.1880958265459236
1.1879911191751127
1.1878884851491556
1.1877878834130735
1.187689273724831
1.1875926166392379
1.1874978734921713
1.1874050063851092
1.1873139781699704
1.1872247524342556
1.1871372934864808
1.1870515663419008
1.1869675367085148
1.1868851709733492
1.1868044361890118
1.1867253000605122
1.1866477309323442
1.1865716977758223
1.1864971701766702
1.1864241183228548
1.1863525129926602
1.186282325543
1.1862135278979582
1.18614609253756
1.1860799924867618
1.186015201304662
1.1859516930739242
1.1858894423904094
1.185828424353014
1.1857686145537096
1.1857099890677791
1.1856525244442466
1.1855961976964964
1.1855409862930784
1.1854868681486952
1.1854338216153675
1.185381825473775
1.1853308589247673
1.1852809015810457
1.1852319334590065
1.185183934970748
1.185136886916235
1.1850907704756186
1.1850455672017075
1.1850012590125896
1.1849578281843982
1.1849152573442234
1.1848735294631614
1.1848326278495034
1.1847925361420586
1.1847532383036095
1.1847147186144968
1.1846769616663313
1.1846399523558304
1.1846036758787766
1.184568117724095
1.1845332636680501
1.1844990997685545
1.1844656123595931
1.1844327880457557
1.1844006136968792
1.1843690764427952
1.1843381636681813
1.184307863007516
1.1842781623401304
1.1842490497853622
1.1842205136978008
1.1841925426626312
1.1841651254910661
1.1841382512158716
1.184111909086979
1.1840860885671856
1.1840607793279394
1.1840359712452073
1.1840116543954253
1.1839878190515294
1.183964455679064
1.183941554932369
1.1839191076508402
1.1838971048552658
1.183875537744234
1.183854397690613
1.1838336762380997
1.1838133650978364
1.1837934561450965
1.1837739414160333
1.1837548131044953
1.1837360635589025
1.1837176852791869
1.1836996709137915
1.1836820132567298
1.183664705244704
1.1836477399542782
1.1836311105991102
1.183614810527236
1.1835988332184098
1.183583172281495
1.1835678214519076
1.1835527745891117
1.1835380256741612
1.1835235688072938
1.1835093982055698
1.1834955082005596
1.183481893236076
1.1834685478659517
1.1834554667518606
1.1834426446611828
1.183430076464911
1.1834177571355993
1.1834056817453515
1.1833938454638508
1.1833822435564265
1.1833708713821611
1.1833597243920333
1.1833487981270983
1.1833380882167044
1.1833275903767448
1.1833173004079436
1.183307214194176
1.183297327700822
1.1832876369731526
1.1832781381347475
1.1832688273859444
1.18325970100232
1.183250755333199
1.1832419868001947
1.1832333918957767
1.1832249671818686
1.183216709288473
1.1832086149123218
1.183200680815557
1.1831929038244342
1.183185280828053
1.1831778087771132
1.183170484682695
1.1831633056150628
1.1831562687024941
1.18314937113013
1.1831426101388494
1.1831359830241657
1.1831294871351448
1.1831231198733443
1.1831168786917747
1.1831107610938802
1.1831047646325399
1.1830988869090895
1.1830931255723611
1.1830874783177434
1.1830819428862591
1.183076517063662
1.1830711986795504
1.1830659856065
1.183060875759212
1.1830558670936795
1.1830509576063692
1.183046145333421
1.1830414283498614
1.1830368047688342
1.1830322727408453
1.183027830453023
1.183023476128393
1.1830192080251676
1.1830150244360482
1.1830109236875437
1.1830069041392999
1.1830029641834439
1.1829991022439408
1.1829953167759635
1.182991606265274
1.182987969227619
1.1829844042081346
1.1829809097807655
1.1829774845476944
1.1829741271387821
1.1829708362110205
1.1829676104479945
1.182964448559356
1.1829613492803073
1.1829583113710955
1.1829553336165164
1.1829524148254285
1.1829495538302763
1.1829467494866237
1.182944000672696
1.1829413062889307
1.1829386652575384
1.1829360765220716
1.1829335390470013
1.1829310518173037
1.182928613838054
1.1829262241340277
1.1829238817493115
1.1829215857469204
1.1829193352084226
1.1829171292335727
1.1829149669399515
1.1829128474626125
1.1829107699537367
1.1829087335822928
1.182906737533705
1.1829047810095275
1.1829028632271243
1.1829009834193571
1.1828991408342775
1.1828973347348268
1.1828955643985415
1.1828938291172633
1.1828921281968565
1.1828904609569304
1.1828888267305666
1.182887224864053
1.1828856547166213
1.182884115660192
1.1828826070791216
1.1828811283699578
1.1828796789411973
1.182878258213049
1.182876865617203
1.1828755005966023
1.1828741626052204
1.182872851107843
1.1828715655798536
1.1828703055070238
1.1828690703853078
1.1828678597206401
1.1828666730287392
1.1828655098349121
1.182864369673866
1.1828632520895215
1.1828621566348294
1.1828610828715935
1.1828600303702943
1.1828589987099172
1.1828579874777843
1.1828569962693891
1.1828560246882351
1.182855072345677
1.182854138860765
1.1828532238600926
1.1828523269776474
1.1828514478546646
1.182850586139483
1.182849741487405
1.182848913560559
1.182848102027763
1.182847306564393
1.182846526852253
1.1828457625794477
1.182845013440258
1.182844279135018
1.182843559369996
1.1828428538572762
1.1828421623146443
1.182841484465474
1.1828408200386165
1.1828401687682921
1.1828395303939843
1.1828389046603347
1.1828382913170414
1.1828376901187592
1.1828371008250005
1.18283652320004
1.18283595701282
1.182835402036858
1.1828348580501566
1.1828343248351134
1.1828338021784355
1.1828332898710532
### END
