### NP, NF, NT, dt
2 4 660 0.4
### promoter data
#   name
#   type, strength, number of genes
#   factor name
#   k, n
###
p1
1 1.0 1
input 1
0.1 2
p2
0 1.0 1
input 2
0.1 2
### factor data
#   name
#   degeneration, copy rate, number of genes
#   initial value
#   input type, timing, strength
###
input 1
0.05 0.1 1
0.0
1 100.0 1.0
input 2
0.05 0.1 1
0.0
1 150.0 0.9
A
0.05 0.1 1
0.0
0 0.0 1.0
B
0.05 0.08 1
0.0
0 0.0 1.0
### input type
1
### input data
### factor:0
0.0
0.0
0.0
0.0
0.0
0.0
0.0
0.0
0.0
0.0
0.0
0.0
0.0
0.0
0.0
0.0
0.0
0.0
0.0
0.0
0.0
0.0
0.0
0.0
0.0
0.0
0.0
0.0
0.0
0.0
0.0
0.0
0.0
0.0
0.0
0.0
0.0
0.0
0.0
0.0
0.0
0.0
0.0
0.0
0.0
0.0
0.0
0.0
0.0
0.0
0.0
0.0
0.0
0.0
0.0
0.0
0.0
0.0
0.0
0.0
0.0
0.0
0.0
0.0
0.0
0.0
0.0
0.0
0.0
0.0
0.0
0.0
0.0
0.0
0.0
0.0
0.0
0.0
0.0
0.0
0.0
0.0
0.0
0.0
0.0
0.0
0.0
0.0
0.0
0.0
0.0
0.0
0.0
0.0
0.0
0.0
0.0
0.0
0.0
0.0
0.0
0.0
0.0
0.0
0.0
0.0
0.0
0.0
0.0
0.0
0.0
0.0
0.0
0.0
0.0
0.0
0.0
0.0
0.0
0.0
0.0
0.0
0.0
0.0
0.0
0.0
0.0
0.0
0.0
0.0
0.0
0.0
0.0
0.0
0.0
0.0
0.0
0.0
0.0
0.0
0.0
0.0
0.0
0.0
0.0
0.0
0.0
0.0
0.0
0.0
0.0
0.0
0.0
0.0
0.0
0.0
0.0
0.0
0.0
0.0
0.0
0.0
0.0
0.0
0.0
0.0
0.0
0.0
0.0
0.0
0.0
0.0
0.0
0.0
0.0
0.0
0.0
0.0
0.0
0.0
0.0
0.0
0.0
0.0
0.0
0.0
0.0
0.0
0.0
0.0
0.0
0.0
0.0
0.0
0.0
0.0
0.0
0.0
0.0
0.0
0.0
0.0
0.0
0.0
0.0
0.0
0.0
0.0
0.0
0.0
0.0
0.0
0.0
0.0
0.0
0.0
0.0
0.0
0.0
0.0
0.0
0.0
0.0
0.0
0.0
0.0
0.0
0.0
0.0
0.0
0.0
0.0
0.0
0.0
0.0
0.0
0.0
0.0
0.0
0.0
0.0
0.0
0.0
0.0
0.0
0.0
0.0
0.0
0.0
0.0
1.0
1.0
1.0
1.0
1.0
1.0
1.0
1.0
1.0
1.0
1.0
1.0
1.0
1.0
1.0
1.0
1.0
1.0
1.0
1.0
1.0
1.0
1.0
1.0
1.0
1.0
1.0
1.0
1.0
1.0
1.0
1.0
1.0
1.0
1.0
1.0
1.0
1.0
1.0
1.0
1.0
1.0
1.0
1.0
1.0
1.0
1.0
1.0
1.0
1.0
1.0
1.0
1.0
1.0
1.0
1.0
1.0
1.0
1.0
1.0
1.0
1.0
1.0
1.0
1.0
1.0
1.0
1.0
1.0
1.0
1.0
1.0
1.0
1.0
1.0
1.0
1.0
1.0
1.0
1.0
1.0
1.0
1.0
1.0
1.0
1.0
1.0
1.0
1.0
1.0
1.0
1.0
1.0
1.0
1.0
1.0
1.0
1.0
1.0
1.0
1.0
1.0
1.0
1.0
1.0
1.0
1.0
1.0
1.0
1.0
1.0
1.0
1.0
1.0
1.0
1.0
1.0
1.0
1.0
1.0
1.0
1.0
1.0
1.0
1.0
1.0
1.0
1.0
1.0
1.0
1.0
1.0
1.0
1.0
1.0
1.0
1.0
1.0
1.0
1.0
1.0
1.0
1.0
1.0
1.0
1.0
1.0
1.0
1.0
1.0
1.0
1.0
1.0
1.0
1.0
1.0
1.0
1.0
1.0
1.0
1.0
1.0
1.0
1.0
1.0
1.0
1.0
1.0
1.0
1.0
1.0
1.0
1.0
1.0
1.0
1.0
1.0
1.0
1.0
1.0
1.0
1.0
1.0
1.0
1.0
1.0
1.0
1.0
1.0
1.0
1.0
1.0
1.0
1.0
1.0
1.0
1.0
1.0
1.0
1.0
1.0
1.0
1.0
1.0
1.0
1.0
1.0
1.0
1.0
1.0
1.0
1.0
1.0
1.0
1.0
1.0
1.0
1.0
1.0
1.0
1.0
1.0
1.0
1.0
1.0
1.0
1.0
1.0
1.0
1.0
1.0
1.0
1.0
1.0
1.0
1.0
1.0
1.0
1.0
1.0
1.0
1.0
1.0
1.0
1.0
1.0
1.0
1.0
1.0
1.0
1.0
1.0
1.0
1.0
1.0
1.0
1.0
1.0
1.0
1.0
1.0
1.0
1.0
1.0
1.0
1.0
1.0
1.0
1.0
1.0
1.0
1.0
1.0
1.0
1.0
1.0
1.0
1.0
1.0
1.0
1.0
1.0
1.0
1.0
1.0
1.0
1.0
1.0
1.0
1.0
1.0
1.0
1.0
1.0
1.0
1.0
1.0
1.0
1.0
1.0
1.0
1.0
1.0
1.0
1.0
1.0
1.0
1.0
1.0
1.0
1.0
1.0
1.0
1.0
1.0
1.0
1.0
1.0
1.0
1.0
1.0
1.0
1.0
1.0
1.0
1.0
1.0
1.0
1.0
1.0
1.0
1.0
1.0
1.0
1.0
1.0
1.0
1.0
1.0
1.0
1.0
1.0
1.0
1.0
1.0
1.0
1.0
1.0
1.0
1.0
1.0
1.0
1.0
1.0
1.0
1.0
1.0
1.0
1.0
1.0
1.0
1.0
1.0
1.0
1.0
1.0
1.0
1.0
1.0
1.0
1.0
1.0
1.0
1.0
1.0
1.0
1.0
1.0
1.0
1.0
1.0
1.0
1.0
1.0
1.0
1.0
1.0
1.0
1.0
1.0
1.0
1.0
1.0
1.0
1.0
1.0
1.0
1.0
1.0
1.0
1.0
1.0
1.0
1.0
1.0
1.0
1.0
1.0
1.0
1.0
### factor:1
0.0
0.0
0.0
0.0
0.0
0.0
0.0
0.0
0.0
0.0
0.0
0.0
0.0
0.0
0.0
0.0
0.0
0.0
0.0
0.0
0.0
0.0
0.0
0.0
0.0
0.0
0.0
0.0
0.0
0.0
0.0
0.0
0.0
0.0
0.0
0.0
0.0
0.0
0.0
0.0
0.0
0.0
0.0
0.0
0.0
0.0
0.0
0.0
0.0
0.0
0.0
0.0
0.0
0.0
0.0
0.0
0.0
0.0
0.0
0.0
0.0
0.0
0.0
0.0
0.0
0.0
0.0
0.0
0.0
0.0
0.0
0.0
0.0
0.0
0.0
0.0
0.0
0.0
0.0
0.0
0.0
0.0
0.0
0.0
0.0
0.0
0.0
0.0
0.0
0.0
0.0
0.0
0.0
0.0
0.0
0.0
0.0
0.0
0.0
0.0
0.0
0.0
0.0
0.0
0.0
0.0
0.0
0.0
0.0
0.0
0.0
0.0
0.0
0.0
0.0
0.0
0.0
0.0
0.0
0.0
0.0
0.0
0.0
0.0
0.0
0.0
0.0
0.0
0.0
0.0
0.0
0.0
0.0
0.0
0.0
0.0
0.0
0.0
0.0
0.0
0.0
0.0
0.0
0.0
0.0
0.0
0.0
0.0
0.0
0.0
0.0
0.0
0.0
0.0
0.0
0.0
0.0
0.0
0.0
0.0
0.0
0.0
0.0
0.0
0.0
0.0
0.0
0.0
0.0
0.0
0.0
0.0
0.0
0.0
0.0
0.0
0.0
0.0
0.0
0.0
0.0
0.0
0.0
0.0
0.0
0.0
0.0
0.0
0.0
0.0
0.0
0.0
0.0
0.0
0.0
0.0
0.0
0.0
0.0
0.0
0.0
0.0
0.0
0.0
0.0
0.0
0.0
0.0
0.0
0.0
0.0
0.0
0.0
0.0
0.0
0.0
0.0
0.0
0.0
0.0
0.0
0.0
0.0
0.0
0.0
0.0
0.0
0.0
0.0
0.0
0.0
0.0
0.0
0.0
0.0
0.0
0.0
0.0
0.0
0.0
0.0
0.0
0.0
0.0
0.0
0.0
0.0
0.0
0.0
0.0
0.0
0.0
0.0
0.0
0.0
0.0
0.0
0.0
0.0
0.0
0.0
0.0
0.0
0.0
0.0
0.0
0.0
0.0
0.0
0.0
0.0
0.0
0.0
0.0
0.0
0.0
0.0
0.0
0.0
0.0
0.0
0.0
0.0
0.0
0.0
0.0
0.0
0.0
0.0
0.0
0.0
0.0
0.0
0.0
0.0
0.0
0.0
0.0
0.0
0.0
0.0
0.0
0.0
0.0
0.0
0.0
0.0
0.0
0.0
0.0
0.0
0.0
0.0
0.0
0.0
0.0
0.0
0.0
0.0
0.0
0.0
0.0
0.0
0.0
0.0
0.0
0.0
0.0
0.0
0.0
0.0
0.0
0.0
0.0
0.0
0.0
0.0
0.0
0.0
0.0
0.0
0.0
0.0
0.0
0.0
0.0
0.0
0.0
0.0
0.0
0.0
0.0
0.0
0.0
0.0
0.0
0.0
0.0
0.0
0.0
0.0
0.0
0.0
0.0
0.0
0.0
0.0
0.0
0.0
0.0
0.0
0.0
0.0
0.0
0.0
0.9
0.9
0.9
0.9
0.9
0.9
0.9
0.9
0.9
0.9
0.9
0.9
0.9
0.9
0.9
0.9
0.9
0.9
0.9
0.9
0.9
0.9
0.9
0.9
0.9
0.9
0.9
0.9
0.9
0.9
0.9
0.9
0.9
0.9
0.9
0.9
0.9
0.9
0.9
0.9
0.9
0.9
0.9
0.9
0.9
0.9
0.9
0.9
0.9
0.9
0.9
0.9
0.9
0.9
0.9
0.9
0.9
0.9
0.9
0.9
0.9
0.9
0.9
0.9
0.9
0.9
0.9
0.9
0.9
0.9
0.9
0.9
0.9
0.9
0.9
0.9
0.9
0.9
0.9
0.9
0.9
0.9
0.9
0.9
0.9
0.9
0.9
0.9
0.9
0.9
0.9
0.9
0.9
0.9
0.9
0.9
0.9
0.9
0.9
0.9
0.9
0.9
0.9
0.9
0.9
0.9
0.9
0.9
0.9
0.9
0.9
0.9
0.9
0.9
0.9
0.9
0.9
0.9
0.9
0.9
0.9
0.9
0.9
0.9
0.9
0.9
0.9
0.9
0.9
0.9
0.9
0.9
0.9
0.9
0.9
0.9
0.9
0.9
0.9
0.9
0.9
0.9
0.9
0.9
0.9
0.9
0.9
0.9
0.9
0.9
0.9
0.9
0.9
0.9
0.9
0.9
0.9
0.9
0.9
0.9
0.9
0.9
0.9
0.9
0.9
0.9
0.9
0.9
0.9
0.9
0.9
0.9
0.9
0.9
0.9
0.9
0.9
0.9
0.9
0.9
0.9
0.9
0.9
0.9
0.9
0.9
0.9
0.9
0.9
0.9
0.9
0.9
0.9
0.9
0.9
0.9
0.9
0.9
0.9
0.9
0.9
0.9
0.9
0.9
0.9
0.9
0.9
0.9
0.9
0.9
0.9
0.9
0.9
0.9
0.9
0.9
0.9
0.9
0.9
0.9
0.9
0.9
0.9
0.9
0.9
0.9
0.9
0.9
0.9
0.9
0.9
0.9
0.9
0.9
0.9
0.9
0.9
0.9
0.9
0.9
0.9
0.9
0.9
0.9
0.9
0.9
0.9
0.9
0.9
0.9
0.9
0.9
0.9
0.9
0.9
0.9
0.9
0.9
0.9
0.9
0.9
0.9
0.9
0.9
0.9
0.9
0.9
0.9
0.9
0.9
0.9
0.9
0.9
0.9
0.9
0.9
0.9
0.9
0.9
0.9
0.9
0.9
0.9
0.9
0.9
### factor:2
0.0
0.039602653333333335
0.07842112159114659
0.11647093267828725
0.15376730702648647
0.19032516368273472
0.22615912627709941
0.261283528872372
0.29571242169788403
0.3294595767697865
0.3625384934000395
0.3949624035963175
0.4267442773549883
0.4578968278492849
0.4884325165147441
0.518363558033947
0.5477019252225545
0.5764593538185937
0.6046473471769095
0.6322771808706594
0.6593599072016938
0.6859063596216234
0.7119271570653448
0.737432708198756
0.762433215582361
0.7869386797524309
0.810958903221351
0.8345034943987566
0.8575818714350253
0.8802032659886624
0.9023767269190873
0.9241111239062983
0.9454151509988626
0.9662973300916515
0.9867660143347122
1.0068293914746393
1.0264954871297822
1.0457721680005996
1.0646671450164449
1.0831879764200403
1.1013420707908748
1.119136690008735
1.1365789521585532
1.1536758343777374
1.170434175647118
1.1868606795266319
1.2029619168368364
1.218744328287324
1.234214227053093
1.2493778012999004
1.2642411166596126
1.2788101186565375
1.2930906350857139
1.3070883783441076
1.3208089477156457
1.3342578316110052
1.3474404097630508
1.3603619553787987
1.373027637248771
1.38544252181458
1.3976115751955724
1.4095396651753438
1.421231563148916
1.4326919460313605
1.4439253981286244
1.454936412971316
1.4657293951121761
1.4763086618879575
1.486678445146418
1.4968428929391149
1.5068060711806823
1.5165719652752503
1.5261444817106598
1.5355274496211095
1.5447246223188618
1.553739678795616
1.5625762251941555
1.5712377962508526
1.5797278567096094
1.5880498027078025
1.596206963134783
1.6042026009634767
1.612039914555616
1.619722038941128
1.6272520470721887
1.6346329510524436
1.64186770334189
1.6489591979379008
1.655910271532861
1.6627237046488836
1.6694022227500542
1.6759484973326544
1.6823651469937948
1.6886547384788893
1.6948197877083875
1.7008627607841764
1.7067860749760537
1.7125920996886683
1.7182831574093138
1.723861524636954
1.729329432792853
1.7346890691131738
1.7399425775239012
1.7450920594984418
1.7501395748982405
1.7550871427967527
1.7599367422871008
1.7646903132737382
1.7693497572484358
1.7739169380509054
1.7783936826143596
1.7827817816963096
1.7870829905948924
1.7912990298510127
1.795431585936583
1.7994823119291348
1.8034528281730708
1.8073447229278252
1.8111595530031885
1.8148988443820517
1.8185640928308202
1.8221567644977401
1.8256782964993772
1.8291300974954827
1.8325135482524761
1.8358300021957699
1.8390807859511573
1.8422671998754816
1.8453905185767951
1.84845199142422
1.8514528430477117
1.8543942738279287
1.857277460376399
1.8601035560061823
1.862873691193209
1.8655889740284863
1.8682504906613502
1.8708593057339378
1.8734164628070602
1.8759229847776397
1.8783798742878828
1.8807881141263494
1.883148667621083
1.885462479024953
1.88773047389337
1.8899535594545191
1.892132624972264
1.8942685421018641
1.896362165238648
1.8984143318597835
1.9004258628592794
1.9023975628763543
1.9043302206173025
1.9062246091709871
1.9080814863180868
1.9099015948342168
1.9116856627870502
1.913434403827554
1.9151485174754592
1.9168286893990787
1.9184755916895824
1.9200898831298436
1.921672209457961
1.923223203625562
1.9247434860509924
1.9262336648674914
1.927694336166453
1.929126084235871
1.9305294817940624
1.9319050902187607
1.9332534597716762
1.9345751298186071
1.9358706290451932
1.9371404756683972
1.9383851776437986
1.9396052328687823
1.9408011293817047
1.9419733455571153
1.9431223502971127
1.9442486032189117
1.945352554838697
1.9464346467518348
1.947495311809517
1.9485349742919083
1.9495540500778625
1.950552946811281
1.951532064064175
1.9524917934964992
1.9534325190128223
1.9543546169158932
1.9552584560571666
1.9561443979843498
1.957012797086025
1.957864000733411
1.958698349419315
1.9595161768943357
1.9603178103003664
1.9611035703014574
1.9618737712120853
1.9626287211228828
1.9633687220238796
1.9640940699253022
1.964805054975982
1.9655019615794178
1.966185068507543
1.966854649012236
1.9675109709346261
1.9681542968122325
1.9687848839839832
1.9694029846931542
1.97000884618827
1.9706027108220063
1.9711848161481342
1.9717553950165452
1.9723146756663936
1.9728628818173959
1.9734002327593216
1.9739269434397115
1.9744432245498602
1.974949282609095
1.9754453200473867
1.9759315352863238
1.9764081228184844
1.9768752732852355
1.977333173552992
1.977782006787966
1.9782219525294351
1.978653186761562
1.9790758819837886
1.9794902072798395
1.979896328385357
1.980294407754198
1.9806846046234172
1.9810670750769648
1.9814419721081213
1.9818094456806976
1.9821696427890219
1.9825227075167398
1.9828687810944496
1.9832080019561966
1.983540505794848
1.9838664256163725
1.9841858917930437
1.9844990321155918
1.9848059718443205
1.9851068337592137
1.9854017382090485
1.9856908031595366
1.9859741442405123
1.9862518747921856
1.9865241059104797
1.9867909464914717
1.9870525032749515
1.9873088808871198
1.9875601818824395
1.9878065067846593
1.988047954127024
1.9882846204916897
1.9885166005483579
1.9887439870921437
1.9889668710806965
1.9891853416705831
1.9893994862529523
1.989609390488492
1.989815138341695
1.990016812114446
1.9902144924789424
1.990408258509966
1.9905981877165124
1.9907843560727965
1.9909668380486427
1.9911457066392744
1.9913210333945126
1.991492888447397
1.9916613405422399
1.9918264570621251
1.991988304055862
1.9921469462644057
1.9923024471467552
1.9924548689053363
1.9926042725108846
1.9927507177268342
1.992894263133224
1.9930349661501305
1.9931728830606361
1.993308069033344
1.9934405781444455
1.9935704633993518
1.9936977767538966
1.993822569135119
1.9939448904616353
1.9940647896636068
1.994182314702313
1.9942975125893363
1.9944104294053675
1.9945211103186382
1.9946295996029895
1.9947359406555816
1.9948401760142531
1.9949423473745374
1.9950424956063406
1.9951406607702908
1.9952368821337625
1.9953311981865838
1.9954236466564332
1.9955142645239312
1.9956030880374331
1.9956901527275286
1.9957754934212542
1.9958591442560254
1.9959411386932915
1.9960215095319203
1.9961002889213189
1.9961775083742934
1.9962531987796546
1.9963273904145737
1.996400112956694
1.9964713954960016
1.9965412665464628
1.9966097540574292
1.9966768854248185
1.9967426875020724
1.9968071866108992
1.9968704085518025
1.9969323786144015
1.9969931215875474
1.9970526617692392
1.9971110229763436
1.9971682285541215
1.9972243013855666
1.9972792639005592
1.997333138084838
1.997385945488795
1.9974377072360958
1.9974884440321294
1.9975381761722908
1.9975869235500991
1.9976347056651553
1.9976815416309424
1.997727450182471
1.9977724496837743
1.9978165581352523
1.997859793180874
1.9979021721152337
1.9979437118904704
1.997984429123048
1.9980243401004023
1.9980634607874566
1.998101806833007
1.998139393575983
1.9981762360515831
1.9982123489972887
1.9982477468587594
1.9982824437956117
1.9983164536870832
1.9983497901375837
1.998382466482138
1.9984144957917194
1.998445890878479
1.9984766643008698
1.9985068283686713
1.9985363951479127
1.9985653764656999
1.9985937839149461
1.9986216288590102
1.998648922436241
1.9986756755644328
1.9987018989451941
1.9987276030682266
1.9987527982155222
1.998777494465476
1.9988017016969168
1.9988254295930603
1.998848687645381
1.9988714851574103
1.9988938312484565
1.959796040710913
1.921472438295748
1.8839076940510493
1.8470867815782896
1.810994972021568
1.7756178281758699
1.740941198711994
1.7069512125158315
1.6736342731397347
1.6409770533637573
1.6089664898645892
1.5775897779900523
1.546834366637069
1.5166879532310538
1.4871384788047195
1.4581741231743293
1.429783300211466
1.401954653208426
1.3746770503353845
1.3479395801875156
1.3217315474202849
1.2960424684711689
1.2708620673660902
1.2461802716088908
1.2219872081521996
1.1982731994480817
1.1750287595768902
1.152244590452772
1.129911578104309
1.1080207890288085
1.0865634666187831
1.0655310276591907
1.044915058894034
1.0247073136609457
1.0048997085924147
0.98548432038233
0.9664533826165533
0.9477992826662498
0.9295145586427349
0.9115918964126195
0.8940241266720589
0.8768042220789359
0.8599252944418303
0.84338059196465
0.8271634965458231
0.8112675211309689
0.7956863071179896
0.7804136218135445
0.7654433559398899
0.7507695211910864
0.7363862478375967
0.7222877823783153
0.7084684852390919
0.694922828516826
0.6816453937682322
0.6686308698423906
0.6558740507562159
0.643369833611994
0.6311132165561557
0.6190992967784684
0.6073232685508462
0.595780421304995
0.5844661377481224
0.5733758920159587
0.5625052478623512
0.5518498568847063
0.5414054567845709
0.5311678696626556
0.5211330003476198
0.5112968347579483
0.5016554382962654
0.49220495427544303
0.48294160237587513
0.47386167713329885
0.46496154645655974
0.4562376501747268
0.4476864986129765
0.4393046711966766
0.4310888150831105
0.4230356438202954
0.41514193603235794
0.40740453413094063
0.3998203430521246
0.3923863290183626
0.3850995183249277
0.3779569961503917
0.3709559053906576
0.36409344551607997
0.35736687145121576
0.35077349247675743
0.34431067115320946
0.33797582226587736
0.33176641179074734
0.32567995588084275
0.31971401987265247
0.3138662173122328
0.3081342090005942
0.30251570205799033
0.29700844900673595
0.29161024687218545
0.2863189363015139
0.28113240069994694
0.27604856538409495
0.27106539675205166
0.26618090146992657
0.2613931256744846
0.25670015419157494
0.2521001097700357
0.2475911523307686
0.24317147823068247
0.23883931954121237
0.23459294334112432
0.23043065102332377
0.22635077761539013
0.22235169111356565
0.21843179182993205
0.21458951175251412
0.21082331391805395
0.20713169179720523
0.2035131686919013
0.1999662971446564
0.1964896583595632
0.19308186163475563
0.18974154380610958
0.18646736870195904
0.18325802660860965
0.18011223374643576
0.17702873175635142
0.17400628719645006
0.1710436910486112
0.16813975823487712
0.16529332714340583
0.16250325916381092
0.15976843823170217
0.15708777038224495
0.15446018331255965
0.15188462595278632
0.14936006804564259
0.14688549973430712
0.1444599311584634
0.14208239205834236
0.13975193138660558
0.13746761692791368
0.13522853492602774
0.1330337897182946
0.13088250337736987
0.12877381536003535
0.12670688216297013
0.1246808769853382
0.1226949893980569
0.12074842501961464
0.11884040519830762
0.11697016670076876
0.11513696140666425
0.11334005600943538
0.11157873172296612
0.10985228399405918
0.10816002222060524
0.10650126947533298
0.10487536223502908
0.10328165011512014
0.10171949560951014
0.10018827383556954
0.09868737228417385
0.09721619057469184
0.09577414021482532
0.09436064436520429
0.0929751376086436
0.09161706572396842
0.09028588546431852
0.08898106433984217
0.08770208040469314
0.08644842204824542
0.08521958779044211
0.08401508608119676
0.08283443510376673
0.08167716258202011
0.08054280559151895
0.07943091037434333
0.0783410321575821
0.07727273497541785
0.07622559149473472
0.07519918284417947
0.07419309844660735
0.07320693585484579
0.07224030059071015
0.07129280598720718
0.07036407303386306
0.06945373022511422
0.06856141341170006
0.06768676565499848
0.06682943708424562
0.0659890847565829
0.06516537251987531
0.0643579708782461
0.063566556860274
0.06279081388980035
0.06203043165929441
0.061285106005726245
0.06055453878889743
0.05983843777218101
0.05913651650562292
0.058448494211358226
0.05777409567129622
0.057113051117029495
0.056465096121923034
0.05582997149533997
0.05520742317896193
0.05459720214516227
0.05399906429739175
0.05341277037253663
0.05283808584521025
0.05227478083393974
0.05172263000921036
0.05118141250333072
0.05065091182208272
0.050130915758121
0.04962121630608717
0.04912160957940488
0.04863189572872249
0.04815187886197066
0.047681366966002885
0.04722017182978772
0.046768108969121834
0.04632499755283386
0.045890660330449536
0.04546492356128913
0.045047616944968887
0.04463857355327856
0.044237629763407935
0.04384462519249551
0.04345940263347321
0.04308180799218149
0.042711690225729564
0.04234890128207629
0.04199329604080734
0.041644732255085144
0.041303070494748205
0.040968174090537206
0.04063990907942548
0.040318144151032013
0.040002750595095546
0.03969360224998873
0.039390575452251844
0.03909354898712569
0.03880240404006415
0.03851702414920673
0.03823729515879227
0.03796310517349514
0.03769434451366561
0.03743090567145651
0.03717268326781868
0.03691957401034794
0.03667147665196673
0.03642829195042397
0.03618992262859679
0.03595627333557842
0.03572725060853655
0.03550276283532692
0.035282720217847285
0.035067034736116956
0.03485562011306763
0.03464839178003141
0.03444526684291223
0.03424616404902709
0.03405100375460392
0.03385970789292298
0.03367219994308917
0.03348840489942262
0.03330824924145542
0.033131660904522485
0.032958569250934676
0.032788905041722834
0.03262260040894124
0.03245958882851953
0.0322998050936522
0.032143185288714994
0.03198966676369783
0.03183918810914391
0.03169168913158517
0.03154711082946407
0.031405395369532185
0.031266486063716126
0.031130327346441573
### factor:3
0.0
0.0
0.0
0.0
0.0
0.0
0.0
0.0
0.0
0.0
0.0
0.0
0.0
0.0
0.0
0.0
0.0
0.0
0.0
0.0
0.0
0.0
0.0
0.0
0.0
0.0
0.0
0.0
0.0
0.0
0.0
0.0
0.0
0.0
0.0
0.0
0.0
0.0
0.0
0.0
0.0
0.0
0.0
0.0
0.0
0.0
0.0
0.0
0.0
0.0
0.0
0.0
0.0
0.0
0.0
0.0
0.0
0.0
0.0
0.0
0.0
0.0
0.0
0.0
0.0
0.0
0.0
0.0
0.0
0.0
0.0
0.0
0.0
0.0
0.0
0.0
0.0
0.0
0.0
0.0
0.0
0.0
0.0
0.0
0.0
0.0
0.0
0.0
0.0
0.0
0.0
0.0
0.0
0.0
0.0
0.0
0.0
0.0
0.0
0.0
0.0
0.0
0.0
0.0
0.0
0.0
0.0
0.0
0.0
0.0
0.0
0.0
0.0
0.0
0.0
0.0
0.0
0.0
0.0
0.0
0.0
0.0
0.0
0.0
0.0
0.0
0.0
0.0
0.0
0.0
0.0
0.0
0.0
0.0
0.0
0.0
0.0
0.0
0.0
0.0
0.0
0.0
0.0
0.0
0.0
0.0
0.0
0.0
0.0
0.0
0.0
0.0
0.0
0.0
0.0
0.0
0.0
0.0
0.0
0.0
0.0
0.0
0.0
0.0
0.0
0.0
0.0
0.0
0.0
0.0
0.0
0.0
0.0
0.0
0.0
0.0
0.0
0.0
0.0
0.0
0.0
0.0
0.0
0.0
0.0
0.0
0.0
0.0
0.0
0.0
0.0
0.0
0.0
0.0
0.0
0.0
0.0
0.0
0.0
0.0
0.0
0.0
0.0
0.0
0.0
0.0
0.0
0.0
0.0
0.0
0.0
0.0
0.0
0.0
0.0
0.0
0.0
0.0
0.0
0.0
0.0
0.0
0.0
0.0
0.0
0.0
0.0
0.0
0.0
0.0
0.0
0.0
0.0
0.0
0.0
0.0
0.0
0.0
0.0
0.0
0.0
0.0
0.0
0.0
0.0
0.0
0.0
0.0
0.0
0.0
0.0
0.03136843828382838
0.06211573987417551
0.09225420410161365
0.12179588675365265
0.15075260489721562
0.1791359416056233
0.2069572505919778
0.23422766075079926
0.2609580806097319
0.2871592026931007
0.31284150779906345
0.33801526919207003
0.362690556712305
0.38687724080375785
0.4105849964625324
0.433823307106974
0.4566014683711635
0.4789285918232948
0.5008136086104235
0.5222652730310448
0.5432921660369295
0.5639026986656198
0.5841051154049554
0.6039074974909792
0.6233177661405395
0.6423436857198821
0.6609928668505004
0.6792727694534855
0.697190705733594
0.7147538431042276
0.7319692070544938
0.7488436839594952
0.7653840238349715
0.7815968430373958
0.7974886269106054
0.8130657323800254
0.8283343904955244
0.8433007089239166
0.8579706743921109
0.8723501550818809
0.8864449029772156
0.9002605561651904
0.9138026410912768
0.927076574769994
0.9400876669517874
0.9528411222469989
0.9653420422077812
0.9775954273687861
0.9896061792474455
1.0013791023046434
1.0129189058665642
1.0242302060084862
1.0353175274012734
1.0461853051213035
1.0568378864245587
1.0672795324855848
1.0775144201020188
1.0875466433653633
1.0973802152986774
1.1070190694618396
1.1164670615250247
1.1257279708110226
1.1348055018070182
1.1437032856464353
1.1524248815614386
1.1609737783066743
1.1693533955548179
1.1775670852644895
1.185618133021081
1.1935097593510355
1.2012451210100994
1.2088273122460673
1.2162593660365226
1.223544255302069
1.2306848940955377
1.2376841387676483
1.2445447891095864
1.2512695894729582
1.2578612298675667
1.2643223470374523
1.2706555255156253
1.2768632986579138
1.2829481496563393
1.288912512532427
1.2947587731108468
1.3004892699737747
1.3061062953963576
1.3116120962636528
1.317008874969413
1.3222987902970729
1.3274839582832907
1.332566453064392
1.337548307706051
1.3424315150165447
1.3472180283439021
1.3519097623572702
1.3565085938128065
1.361016362304407
1.3654348709995674
1.3697658873606755
1.3740111438520186
1.3781723386327929
1.3822511362363894
1.38624916823623
1.3901680338984177
1.3940093008214658
1.3977745055633568
1.4014651542561867
1.4050827232086378
1.4086286594965223
1.4121043815416312
1.4155112796791225
1.4188507167136732
1.4221240284646202
1.4253325243003045
1.428477487661838
1.4315601765764951
1.4345818241609414
1.4375436391144965
1.4404468062026299
1.4432924867308834
1.4460818190094078
1.4488159188083034
1.4514958798039417
1.4541227740164515
1.4566976522385406
1.4592215444558272
1.461695460258848
1.4641203892469072
1.4664973014239304
1.4688271475864785
1.4711108597040787
1.4733493512920257
1.4755435177767993
1.4776942368542467
1.4798023688406734
1.4818687570169804
1.4838942279659884
1.4858795919030812
1.4878256430003032
1.489733159704039
1.4916029050464024
1.4934356269504578
1.495232058529402
1.4969929183798174
1.4987189108691203
1.5004107264173183
1.5020690417731868
1.5036945202849774
1.5052878121657662
1.5068495547535483
1.5083803727661804
1.5098808785512772
1.511351672331158
1.512793342442944
1.5142064655739012
1.515591606992122
1.5169493207726412
1.5182801500190723
1.5195846270808575
1.5208632737662129
1.5221166015508605
1.5233451117826238
1.5245492958819746
1.5257296355386074
1.5268866029041215
1.5280206607808884
1.5291322628071786
1.530221853638623
1.5312898691260808
1.5323367364899865
1.5333628744912426
1.5343686935987308
1.5353545961535042
1.536320976529729
1.5372682212924398
1.538196709352171
1.5391068121165252
1.5399988936387423
1.5408733107633248
1.5417304132687804
1.5425705440075386
1.543394039043096
1.544201227784446
1.5449924331178466
1.5457679715359804
1.5465281532645543
1.5472732823863944
1.5480036569630842
1.548719569154192
1.549421305334139
1.550109146206753
1.550783366917554
1.5514442371638146
1.552092021302445
1.5527269784557367
1.5533493626150168
1.5539594227422469
1.5545574028696112
1.5551435421971334
1.5557180751883593
1.556281231664145
1.5568332368945894
1.557374311689144
1.5579046724849406
1.5584245314333682
1.5589340964849376
1.559433571472463
1.5599231561925984
1.5604030464857594
1.5608734343144615
1.5613345078401073
1.5617864514982545
1.5622294460723918
1.562663668766255
1.563089293274711
1.5635064898532376
1.5639154253860286
1.5643162634527492
1.5647091643939703
1.5650942853753067
1.5654717804502853
1.5658418006219694
1.5662044939033606
1.5665600053766071
1.5669084772510382
1.5672500489200496
1.5675848570168627
1.5679130354691801
1.5682347155527583
1.5685500259439193
1.5688590927710238
1.5691620396649228
1.569458987808413
1.569750055984711
1.570035360624968
1.5703150158548436
1.5705891335401583
1.570857823331641
1.5711211927087907
1.5713793470228694
1.5716323895390445
1.5718804214776962
1.5721235420549071
1.572361848522149
1.5725954362051866
1.572824398542207
1.5730488271211975
1.5732688117165823
1.573484440325132
1.5736957992011653
1.5739029728910503
1.5741060442670252
1.5743050945603476
1.574500203393789
1.5746914488134838
1.5748789073201497
1.5750626538996888
1.5752427620531826
1.5754193038262936
1.575592349838085
1.5757619693092686
1.5759282300898942
1.5760911986864907
1.5762509402886697
1.5764075187952016
1.5765609968395766
1.576711435815059
1.5768588958992442
1.5770034360781324
1.577145114169722
1.5772839868471384
1.5774201096613043
1.5775535370631601
1.5776843224254455
1.577812518064049
1.5779381752589352
1.5780613442746574
1.5781820743804642
1.5783004138700074
1.5784164100806606
1.5785301094124544
1.5786415573466377
1.57875079846387
1.5788578764620544
1.578962834173818
1.5790657135836448
1.5791665558446704
1.5792654012951435
1.5793622894745623
1.5794572591394902
1.5795503482790596
1.5796415941301671
1.57973103319237
1.5798187012424854
1.5799046333489022
1.5799888638856088
1.5800714265459426
1.5801523543560687
1.5802316796881901
1.5803094342734973
1.580385649214861
1.5804603549992737
1.5805335815100456
1.580605358038757
1.5806757132969762
1.5807446754277448
1.5808122720168345
1.580878530103782
1.5809434761927055
1.5810071362629066
1.581069535779262
1.5811306997024102
1.5811906524987358
1.5812494181501568
1.5813070201637174
1.5813634815809907
1.5814188249872967
1.5814730725207355
1.5815262458810437
1.5815783663382745
1.5816294547413057
1.5816795315261796
1.5817286167242777
1.5817767299703338
1.5818238905102877
1.5818701172089844
1.5819154285577195
1.5819598426816364
1.582003377346977
1.582046049968188
1.5820878776148868
1.5821288770186894
1.5821690645799042
1.5822084563740915
1.5822470681584941
1.5822849153783405
1.5823220131730233
1.5823583763821552
1.5823940195515043
1.5824289569388137
1.582463202519504
1.5824967699922643
1.582529672784531
1.58256192405786
1.58259353671319
1.5826245233960052
1.5826548965013916
1.5826846681789963
1.5827138503378875
1.5827424546513176
1.5827704925613935
1.5827979752836527
1.5828249138115509
1.5828513189208582
1.5828772011739705
1.582902570924134
1.582927438319587
1.5829518133076195
1.5829757056385514
1.5829991248696336
1.5830220803688708
1.583044581318769
1.583066636720008
1.583088255395042
1.5831094459916297
1.5831302169862922
1.583150576687704
1.5831705332400174
1.5831900946261195
1.5832092686708252
1.583228063044008
1.583246485263668
1.5832645426989387
1.5832822425730348
1.583299591966142
1.5833165978182486
1.5833332669319227
1.5833496059750316
1.5833656214834104
1.583381319863476
1.5833967073947899
1.5834117902325695
1.5834265744101512
1.5834410658414033
1.5834552703230913
1.5834691935371972
1.5834828410531923
1.583496218330265
1.5835093307195045
1.5835221834660413
1.5835347817111454
1.5835471304942828
1.5835592347551313
1.5835710993355565
1.5835827289815492
1.5835941283451225
1.5836053019861738
1.5836162543743086
1.5836269898906283
1.5836375128294824
1.5836478274001866
1.583657937728707
1.5836678478593096
1.583677561756179
1.583687083305003
1.5836964163145284
1.5837055645180835
1.5837145315750716
### END
