### NP, NF, NT, dt
5 6 660 0.4
### promoter data
#   name
#   type, strength, number of genes
#   factor name
#   k, n
###
p1
1 1.0 1
input 1
0.4 2
p2
1 1.0 1
input 2
0.3 2
pA
1 1.2 1
A
0.8 2
pB
1 1.7 1
B
0.9 2
pC
1 1.0 1
C
0.95 4
### factor data
#   name
#   degeneration, copy rate, number of genes
#   initial value
#   input type, timing, strength
###
input 1
0.05 0.1 1
0.0
1 60.0 1.2
input 2
0.05 0.1 1
0.0
1 120.0 1.0
A
0.1 0.08 1
0.0
0 0.0 1.0
B
0.1 0.15 1
0.0
0 0.0 1.0
C
0.15 0.08 1
0.0
0 0.0 1.0
output
0.05 0.14 1
0.0
0 0.0 1.0
### input type
1
### input data
### factor:0
0.0
0.0
0.0
0.0
0.0
0.0
0.0
0.0
0.0
0.0
0.0
0.0
0.0
0.0
0.0
0.0
0.0
0.0
0.0
0.0
0.0
0.0
0.0
0.0
0.0
0.0
0.0
0.0
0.0
0.0
0.0
0.0
0.0
0.0
0.0
0.0
0.0
0.0
0.0
0.0
0.0
0.0
0.0
0.0
0.0
0.0
0.0
0.0
0.0
0.0
0.0
0.0
0.0
0.0
0.0
0.0
0.0
0.0
0.0
0.0
0.0
0.0
0.0
0.0
0.0
0.0
0.0
0.0
0.0
0.0
0.0
0.0
0.0
0.0
0.0
0.0
0.0
0.0
0.0
0.0
0.0
0.0
0.0
0.0
0.0
0.0
0.0
0.0
0.0
0.0
0.0
0.0
0.0
0.0
0.0
0.0
0.0
0.0
0.0
0.0
0.0
0.0
0.0
0.0
0.0
0.0
0.0
0.0
0.0
0.0
0.0
0.0
0.0
0.0
0.0
0.0
0.0
0.0
0.0
0.0
0.0
0.0
0.0
0.0
0.0
0.0
0.0
0.0
0.0
0.0
0.0
0.0
0.0
0.0
0.0
0.0
0.0
0.0
0.0
0.0
0.0
0.0
0.0
0.0
0.0
0.0
0.0
0.0
0.0
0.0
0.0
1.2
1.2
1.2
1.2
1.2
1.2
1.2
1.2
1.2
1.2
1.2
1.2
1.2
1.2
1.2
1.2
1.2
1.2
1.2
1.2
1.2
1.2
1.2
1.2
1.2
1.2
1.2
1.2
1.2
1.2
1.2
1.2
1.2
1.2
1.2
1.2
1.2
1.2
1.2
1.2
1.2
1.2
1.2
1.2
1.2
1.2
1.2
1.2
1.2
1.2
1.2
1.2
1.2
1.2
1.2
1.2
1.2
1.2
1.2
1.2
1.2
1.2
1.2
1.2
1.2
1.2
1.2
1.2
1.2
1.2
1.2
1.2
1.2
1.2
1.2
1.2
1.2
1.2
1.2
1.2
1.2
1.2
1.2
1.2
1.2
1.2
1.2
1.2
1.2
1.2
1.2
1.2
1.2
1.2
1.2
1.2
1.2
1.2
1.2
1.2
1.2
1.2
1.2
1.2
1.2
1.2
1.2
1.2
1.2
1.2
1.2
1.2
1.2
1.2
1.2
1.2
1.2
1.2
1.2
1.2
1.2
1.2
1.2
1.2
1.2
1.2
1.2
1.2
1.2
1.2
1.2
1.2
1.2
1.2
1.2
1.2
1.2
1.2
1.2
1.2
1.2
1.2
1.2
1.2
1.2
1.2
1.2
1.2
1.2
1.2
1.2
1.2
1.2
1.2
1.2
1.2
1.2
1.2
1.2
1.2
1.2
1.2
1.2
1.2
1.2
1.2
1.2
1.2
1.2
1.2
1.2
1.2
1.2
1.2
1.2
1.2
1.2
1.2
1.2
1.2
1.2
1.2
1.2
1.2
1.2
1.2
1.2
1.2
1.2
1.2
1.2
1.2
1.2
1.2
1.2
1.2
1.2
1.2
1.2
1.2
1.2
1.2
1.2
1.2
1.2
1.2
1.2
1.2
1.2
1.2
1.2
1.2
1.2
1.2
1.2
1.2
1.2
1.2
1.2
1.2
1.2
1.2
1.2
1.2
1.2
1.2
1.2
1.2
1.2
1.2
1.2
1.2
1.2
1.2
1.2
1.2
1.2
1.2
1.2
1.2
1.2
1.2
1.2
1.2
1.2
1.2
1.2
1.2
1.2
1.2
1.2
1.2
1.2
1.2
1.2
1.2
1.2
1.2
1.2
1.2
1.2
1.2
1.2
1.2
1.2
1.2
1.2
1.2
1.2
1.2
1.2
1.2
1.2
1.2
1.2
1.2
1.2
1.2
1.2
1.2
1.2
1.2
1.2
1.2
1.2
1.2
1.2
1.2
1.2
1.2
1.2
1.2
1.2
1.2
1.2
1.2
1.2
1.2
1.2
1.2
1.2
1.2
1.2
1.2
1.2
1.2
1.2
1.2
1.2
1.2
1.2
1.2
1.2
1.2
1.2
1.2
1.2
1.2
1.2
1.2
1.2
1.2
1.2
1.2
1.2
1.2
1.2
1.2
1.2
1.2
1.2
1.2
1.2
1.2
1.2
1.2
1.2
1.2
1.2
1.2
1.2
1.2
1.2
1.2
1.2
1.2
1.2
1.2
1.2
1.2
1.2
1.2
1.2
1.2
1.2
1.2
1.2
1.2
1.2
1.2
1.2
1.2
1.2
1.2
1.2
1.2
1.2
1.2
1.2
1.2
1.2
1.2
1.2
1.2
1.2
1.2
1.2
1.2
1.2
1.2
1.2
1.2
1.2
1.2
1.2
1.2
1.2
1.2
1.2
1.2
1.2
1.2
1.2
1.2
1.2
1.2
1.2
1.2
1.2
1.2
1.2
1.2
1.2
1.2
1.2
1.2
1.2
1.2
1.2
1.2
1.2
1.2
1.2
1.2
1.2
1.2
1.2
1.2
1.2
1.2
1.2
1.2
1.2
1.2
1.2
1.2
1.2
1.2
1.2
1.2
1.2
1.2
1.2
1.2
1.2
1.2
1.2
1.2
1.2
1.2
1.2
1.2
1.2
1.2
1.2
1.2
1.2
1.2
1.2
1.2
1.2
1.2
1.2
1.2
1.2
1.2
1.2
1.2
1.2
1.2
1.2
1.2
1.2
1.2
1.2
1.2
1.2
1.2
1.2
1.2
1.2
1.2
1.2
1.2
1.2
1.2
1.2
1.2
1.2
1.2
1.2
1.2
1.2
1.2
1.2
1.2
1.2
1.2
1.2
1.2
1.2
1.2
1.2
1.2
1.2
1.2
1.2
1.2
1.2
1.2
1.2
1.2
1.2
1.2
1.2
1.2
1.2
1.2
1.2
### factor:1
0.0
0.0
0.0
0.0
0.0
0.0
0.0
0.0
0.0
0.0
0.0
0.0
0.0
0.0
0.0
0.0
0.0
0.0
0.0
0.0
0.0
0.0
0.0
0.0
0.0
0.0
0.0
0.0
0.0
0.0
0.0
0.0
0.0
0.0
0.0
0.0
0.0
0.0
0.0
0.0
0.0
0.0
0.0
0.0
0.0
0.0
0.0
0.0
0.0
0.0
0.0
0.0
0.0
0.0
0.0
0.0
0.0
0.0
0.0
0.0
0.0
0.0
0.0
0.0
0.0
0.0
0.0
0.0
0.0
0.0
0.0
0.0
0.0
0.0
0.0
0.0
0.0
0.0
0.0
0.0
0.0
0.0
0.0
0.0
0.0
0.0
0.0
0.0
0.0
0.0
0.0
0.0
0.0
0.0
0.0
0.0
0.0
0.0
0.0
0.0
0.0
0.0
0.0
0.0
0.0
0.0
0.0
0.0
0.0
0.0
0.0
0.0
0.0
0.0
0.0
0.0
0.0
0.0
0.0
0.0
0.0
0.0
0.0
0.0
0.0
0.0
0.0
0.0
0.0
0.0
0.0
0.0
0.0
0.0
0.0
0.0
0.0
0.0
0.0
0.0
0.0
0.0
0.0
0.0
0.0
0.0
0.0
0.0
0.0
0.0
0.0
0.0
0.0
0.0
0.0
0.0
0.0
0.0
0.0
0.0
0.0
0.0
0.0
0.0
0.0
0.0
0.0
0.0
0.0
0.0
0.0
0.0
0.0
0.0
0.0
0.0
0.0
0.0
0.0
0.0
0.0
0.0
0.0
0.0
0.0
0.0
0.0
0.0
0.0
0.0
0.0
0.0
0.0
0.0
0.0
0.0
0.0
0.0
0.0
0.0
0.0
0.0
0.0
0.0
0.0
0.0
0.0
0.0
0.0
0.0
0.0
0.0
0.0
0.0
0.0
0.0
0.0
0.0
0.0
0.0
0.0
0.0
0.0
0.0
0.0
0.0
0.0
0.0
0.0
0.0
0.0
0.0
0.0
0.0
0.0
0.0
0.0
0.0
0.0
0.0
0.0
0.0
0.0
0.0
0.0
0.0
0.0
0.0
0.0
0.0
0.0
0.0
0.0
0.0
0.0
0.0
0.0
0.0
0.0
0.0
0.0
0.0
0.0
0.0
0.0
0.0
0.0
0.0
0.0
0.0
0.0
0.0
0.0
0.0
0.0
0.0
0.0
0.0
0.0
0.0
0.0
0.0
0.0
0.0
0.0
0.0
0.0
0.0
0.0
0.0
0.0
0.0
0.0
0.0
0.0
0.0
0.0
0.0
0.0
0.0
1.0
1.0
1.0
1.0
1.0
1.0
1.0
1.0
1.0
1.0
1.0
1.0
1.0
1.0
1.0
1.0
1.0
1.0
1.0
1.0
1.0
1.0
1.0
1.0
1.0
1.0
1.0
1.0
1.0
1.0
1.0
1.0
1.0
1.0
1.0
1.0
1.0
1.0
1.0
1.0
1.0
1.0
1.0
1.0
1.0
1.0
1.0
1.0
1.0
1.0
1.0
1.0
1.0
1.0
1.0
1.0
1.0
1.0
1.0
1.0
1.0
1.0
1.0
1.0
1.0
1.0
1.0
1.0
1.0
1.0
1.0
1.0
1.0
1.0
1.0
1.0
1.0
1.0
1.0
1.0
1.0
1.0
1.0
1.0
1.0
1.0
1.0
1.0
1.0
1.0
1.0
1.0
1.0
1.0
1.0
1.0
1.0
1.0
1.0
1.0
1.0
1.0
1.0
1.0
1.0
1.0
1.0
1.0
1.0
1.0
1.0
1.0
1.0
1.0
1.0
1.0
1.0
1.0
1.0
1.0
1.0
1.0
1.0
1.0
1.0
1.0
1.0
1.0
1.0
1.0
1.0
1.0
1.0
1.0
1.0
1.0
1.0
1.0
1.0
1.0
1.0
1.0
1.0
1.0
1.0
1.0
1.0
1.0
1.0
1.0
1.0
1.0
1.0
1.0
1.0
1.0
1.0
1.0
1.0
1.0
1.0
1.0
1.0
1.0
1.0
1.0
1.0
1.0
1.0
1.0
1.0
1.0
1.0
1.0
1.0
1.0
1.0
1.0
1.0
1.0
1.0
1.0
1.0
1.0
1.0
1.0
1.0
1.0
1.0
1.0
1.0
1.0
1.0
1.0
1.0
1.0
1.0
1.0
1.0
1.0
1.0
1.0
1.0
1.0
1.0
1.0
1.0
1.0
1.0
1.0
1.0
1.0
1.0
1.0
1.0
1.0
1.0
1.0
1.0
1.0
1.0
1.0
1.0
1.0
1.0
1.0
1.0
1.0
1.0
1.0
1.0
1.0
1.0
1.0
1.0
1.0
1.0
1.0
1.0
1.0
1.0
1.0
1.0
1.0
1.0
1.0
1.0
1.0
1.0
1.0
1.0
1.0
1.0
1.0
1.0
1.0
1.0
1.0
1.0
1.0
1.0
1.0
1.0
1.0
1.0
1.0
1.0
1.0
1.0
1.0
1.0
1.0
1.0
1.0
1.0
1.0
1.0
1.0
1.0
1.0
1.0
1.0
1.0
1.0
1.0
1.0
1.0
1.0
1.0
1.0
1.0
1.0
1.0
1.0
1.0
1.0
1.0
1.0
1.0
1.0
1.0
1.0
1.0
1.0
1.0
1.0
1.0
1.0
1.0
1.0
1.0
1.0
1.0
1.0
1.0
1.0
1.0
1.0
1.0
1.0
1.0
1.0
1.0
1.0
1.0
1.0
1.0
1.0
1.0
1.0
1.0
1.0
1.0
1.0
1.0
1.0
1.0
1.0
1.0
1.0
1.0
1.0
1.0
1.0
1.0
1.0
1.0
1.0
1.0
1.0
1.0
1.0
1.0
1.0
1.0
1.0
1.0
1.0
1.0
1.0
### factor:2
0.0
0.0
0.0
0.0
0.0
0.0
0.0
0.0
0.0
0.0
0.0
0.0
0.0
0.0
0.0
0.0
0.0
0.0
0.0
0.0
0.0
0.0
0.0
0.0
0.0
0.0
0.0
0.0
0.0
0.0
0.0
0.0
0.0
0.0
0.0
0.0
0.0
0.0
0.0
0.0
0.0
0.0
0.0
0.0
0.0
0.0
0.0
0.0
0.0
0.0
0.0
0.0
0.0
0.0
0.0
0.0
0.0
0.0
0.0
0.0
0.0
0.0
0.0
0.0
0.0
0.0
0.0
0.0
0.0
0.0
0.0
0.0
0.0
0.0
0.0
0.0
0.0
0.0
0.0
0.0
0.0
0.0
0.0
0.0
0.0
0.0
0.0
0.0
0.0
0.0
0.0
0.0
0.0
0.0
0.0
0.0
0.0
0.0
0.0
0.0
0.0
0.0
0.0
0.0
0.0
0.0
0.0
0.0
0.0
0.0
0.0
0.0
0.0
0.0
0.0
0.0
0.0
0.0
0.0
0.0
0.0
0.0
0.0
0.0
0.0
0.0
0.0
0.0
0.0
0.0
0.0
0.0
0.0
0.0
0.0
0.0
0.0
0.0
0.0
0.0
0.0
0.0
0.0
0.0
0.0
0.0
0.0
0.0
0.0
0.0
0.0
0.0
0.0282316032
0.0553562294288302
0.08141728387343729
0.10645646977908084
0.13051385518342
0.1536279370339192
0.17583570279117447
0.19717268961673895
0.21767304124016043
0.23736956259623065
0.2562937723198774
0.27447595318270246
0.2919452005518749
0.30872946894892356
0.3248556167829337
0.34034944932972944
0.35523576002581914
0.36953837014318114
0.38328016690837974
0.3964831401270087
0.4091684173720702
0.4213562977925976
0.43306628459662305
0.4443171162604701
0.455126796514312
0.4655126231519798
0.4754912157111217
0.4850785420680078
0.4942899439895377
0.5031401616833393
0.511643357385245
0.5198131380218894
0.5276625769846939
0.535204235050081
0.5424501804793956
0.5494120083306975
0.5561008590133262
0.5625274361149326
0.5687020235295018
0.5746345019137769
0.5803343644984166
0.5858107322791896
0.5910723686125124
0.5961276932386894
0.6009847957552922
0.6056514485622415
0.6101351192993049
0.6144429827959124
0.6185819325524142
0.6225585917711518
0.6263793239549935
0.6300502430902968
0.6335772234305901
0.6369659088966315
0.6402217221078856
0.643349873059871
0.6463553674612645
0.6492430147441026
0.6520174357598981
0.6546830701739885
0.6572441835699472
0.6597048742754268
0.6620690799203577
0.6643405837379956
0.6665230206189019
0.6686198829275432
0.6706345260908197
0.6725701739674641
0.6744299240069024
0.6762167522058343
0.6779335178704623
0.6795829681919915
0.6811677426427213
0.6826903771997643
0.6841533084031504
0.6855588772548101
0.6869093329646777
0.6882068365499062
0.689453464292956
0.6906512110640891
0.691801993513588
0.6929076531388038
0.6939699592309455
0.6949906117063229
0.6959712438265755
0.696913424812239
0.6978186623538332
0.6986884050244885
0.6995240445979715
0.70032691827582
0.7010983108271509
0.7018394566445643
0.7025515417194351
0.7032357055397527
0.7038930429135438
0.7045246057207998
0.705131404596708
0.7057144105488845
0.7062745565111929
0.7068127388366373
0.707329818731719
0.7078266236345497
0.7083039485389298
0.7087625572665072
0.7092031836890553
0.7096265329028246
0.7100332823568465
0.7104240829369964
0.7107995600075504
0.7111603144119008
0.7115069234340341
0.7118399417223085
0.7121599021770094
0.7124673168031037
0.7127626775295566
0.7130464569965232
0.7133191093116736
0.7135810707768617
0.7138327605863013
0.7140745814973665
0.714306920475089
0.7145301493113854
0.7147446252200024
0.7149506914081359
0.7151486776256357
0.715338900692675
0.7155216650067309
0.7156972630296845
0.7158659757558232
0.716028073161491
0.7161838146371079
0.7163334494022507
0.7164772169044569
0.7166153472023916
0.7167480613339914
0.7168755716701712
0.7169980822546637
0.7171157891305322
0.7172288806538821
0.7173375377952702
0.7174419344292965
0.7175422376128405
0.717638607852388
0.7177311993608755
0.7178201603044639
0.7179056330396362
0.7179877543409975
0.7180666556201445
0.7181424631359514
0.7182152981966115
0.7182852773537554
0.7183525125889593
0.7184171114929391
0.7184791774377185
0.7185388097420462
0.7185961038303271
0.7186511513853219
0.7187040404948586
0.7187548557927925
0.7188036785944378
0.7188505870266899
0.7188956561530446
0.7189389580937163
0.7189805621410452
0.7190205348703801
0.719058940246613
0.7190958397265368
0.719131292357189
0.7191653548703398
0.719198081773275
0.7192295254360191
0.7192597361751386
0.7192887623342592
0.719316650361426
0.7193434448834303
0.7193691887772218
0.7193939232385211
0.7194176878477417
0.7194405206333266
0.7194624581326023
0.7194835354502465
0.7195037863144624
0.7195232431309521
0.7195419370347713
0.7195598979401532
0.7195771545883769
0.7195937345937601
0.7196096644878474
0.7196249697618667
0.7196396749075209
0.719653803456179
0.7196673780165324
0.7196804203107724
0.7196929512093516
0.7197049907643802
0.719716558241714
0.7197276721517838
0.719738350279216
0.7197486097112917
0.7197584668652905
0.7197679375147611
0.7197770368147623
0.7197857793261149
0.7197941790387015
0.7198022493938537
0.7198100033058611
0.7198174531826365
0.7198246109455715
0.7198314880486135
0.719838095496594
0.7198444438628391
0.7198505433060886
0.7198564035867525
0.7198620340825299
0.7198674438034148
0.7198726414061144
0.7198776352079015
0.719882433199924
0.7198870430599923
0.7198914721648659
0.7198957276020571
0.7198998161811729
0.7199037444448121
0.7199075186790341
0.7199111449234188
0.7199146289807303
0.7199179764262037
0.7199211926164655
0.719924282698106
0.719927251615915
0.7199301041207941
0.7199328447773594
0.7199354779712461
0.7199380079161259
0.7199404386604502
0.7199427740939283
0.7199450179537519
0.7199471738305752
0.719949245174261
0.7199512352994009
0.7199531473906196
0.7199549845076708
0.7199567495903337
0.7199584454631169
0.7199600748397786
0.719961640327669
0.7199631444319025
0.7199645895593667
0.7199659780225738
0.719967312043361
0.7199685937564461
0.7199698252128433
0.7199710083831455
0.7199721451606778
0.7199732373645263
0.7199742867424503
0.7199752949736783
0.7199762636715952
0.7199771943863242
0.7199780886072076
0.7199789477651893
0.7199797732351055
0.719980566337884
0.7199813283426584
0.7199820604687989
0.7199827638878634
0.7199834397254725
0.7199840890631105
0.7199847129398561
0.7199853123540451
0.719985888264868
0.7199864415939051
0.7199869732266008
0.7199874840136807
0.7199879747725133
0.7199884462884172
0.7199888993159185
0.7199893345799577
0.7199897527770502
0.7199901545764006
0.7199905406209733
0.7199909115285222
0.7199912678925784
0.7199916102834004
0.7199919392488865
0.7199922553154516
0.7199925589888698
0.7199928507550832
0.71999313108098
0.7199934004151414
0.7199936591885594
0.7199939078153268
0.7199941466932994
0.7199943762047329
0.7199945967168947
0.7199948085826511
0.7199950121410326
0.7199952077177759
0.7199953956258456
0.7199955761659346
0.7199957496269456
0.7199959162864532
0.7199960764111483
0.7199962302572643
0.719996378070988
0.7199965200888528
0.7199966565381176
0.7199967876371304
0.7199969135956774
0.7199970346153193
0.7199971508897132
0.719997262604923
0.719997369939717
0.7199974730658535
0.7199975721483565
0.719997667345779
0.7199977588104572
0.7199978466887543
0.7199979311212941
0.7199980122431867
0.7199980901842445
0.7199981650691898
0.7199982370178544
0.7199983061453715
0.7199983725623601
0.7199984363751013
0.7199984976857092
0.7199985565922938
0.7199986131891183
0.7199986675667496
0.7199987198122035
0.719998770009084
0.7199988182377166
0.7199988645752775
0.7199989090959167
0.7199989518708767
0.7199989929686066
0.7199990324548715
0.7199990703928578
0.7199991068432744
0.7199991418644498
0.7199991755124253
0.7199992078410449
0.7199992389020411
0.7199992687451183
0.7199992974180317
0.7199993249666641
0.7199993514350992
0.7199993768656922
0.7199994012991373
0.7199994247745334
0.7199994473294461
0.719999468999968
0.7199994898207767
0.7199995098251897
0.7199995290452185
0.7199995475116192
0.719999565253942
0.7199995823005785
0.7199995986788067
0.7199996144148354
0.7199996295338457
0.719999644060031
0.7199996580166366
0.7199996714259957
0.7199996843095664
0.719999696687965
0.7199997085809998
0.719999720007702
0.7199997309863567
0.7199997415345323
0.719999751669108
0.7199997614063014
0.719999770761694
0.7199997797502563
0.7199997883863721
0.7199997966838609
0.7199998046560006
0.7199998123155482
0.7199998196747607
0.7199998267454143
0.7199998335388236
0.7199998400658595
0.7199998463369667
0.7199998523621802
0.7199998581511418
0.719999863713115
0.7199998690570001
0.7199998741913485
0.7199998791243761
0.7199998838639771
0.7199998884177355
0.7199998927929386
0.7199998969965875
0.719999901035409
0.7199999049158661
0.7199999086441682
0.7199999122262815
0.7199999156679381
0.7199999189746454
0.719999922151695
0.7199999252041706
0.7199999281369569
0.719999930954747
0.7199999336620501
0.7199999362631982
0.7199999387623539
0.7199999411635163
0.7199999434705278
0.71999994568708
0.71999994781672
0.7199999498628556
0.7199999518287612
0.7199999537175824
0.719999955532342
0.7199999572759438
0.719999958951178
0.7199999605607252
0.7199999621071613
0.7199999635929607
0.7199999650205011
0.7199999663920669
0.7199999677098528
0.7199999689759675
0.7199999701924372
0.7199999713612084
0.7199999724841515
0.7199999735630633
0.7199999745996705
0.7199999755956316
0.7199999765525406
0.7199999774719286
0.7199999783552669
0.719999979203969
0.719999980019393
0.7199999808028438
0.719999981555575
0.7199999822787913
0.7199999829736498
0.7199999836412625
0.7199999842826977
0.719999984898982
0.7199999854911013
0.7199999860600034
0.7199999866065985
0.7199999871317613
0.7199999876363321
0.7199999881211184
0.7199999885868961
0.7199999890344103
0.7199999894643773
0.7199999898774849
0.7199999902743944
0.7199999906557408
0.7199999910221344
0.7199999913741616
0.7199999917123856
0.7199999920373475
0.7199999923495676
0.7199999926495453
0.7199999929377607
0.7199999932146751
0.7199999934807315
0.7199999937363557
0.7199999939819567
0.7199999942179275
0.7199999944446458
0.7199999946624743
0.7199999948717617
0.7199999950728427
0.7199999952660393
0.7199999954516606
0.7199999956300035
0.7199999958013535
0.7199999959659849
0.7199999961241609
0.7199999962761346
0.7199999964221495
0.7199999965624391
0.7199999966972278
0.7199999968267313
0.719999996951157
0.7199999970707038
0.7199999971855632
0.7199999972959188
0.7199999974019473
0.7199999975038184
0.7199999976016951
0.719999997695734
0.7199999977860855
0.7199999978728943
0.7199999979562992
0.7199999980364339
0.7199999981134264
0.7199999981874
0.719999998258473
0.7199999983267593
0.7199999983923681
0.7199999984554042
0.7199999985159686
0.7199999985741583
0.7199999986300664
0.7199999986837822
0.7199999987353918
0.7199999987849778
0.7199999988326194
0.719999998878393
0.7199999989223719
### factor:3
0.0
0.0
0.0
0.0
0.0
0.0
0.0
0.0
0.0
0.0
0.0
0.0
0.0
0.0
0.0
0.0
0.0
0.0
0.0
0.0
0.0
0.0
0.0
0.0
0.0
0.0
0.0
0.0
0.0
0.0
0.0
0.0
0.0
0.0
0.0
0.0
0.0
0.0
0.0
0.0
0.0
0.0
0.0
0.0
0.0
0.0
0.0
0.0
0.0
0.0
0.0
0.0
0.0
0.0
0.0
0.0
0.0
0.0
0.0
0.0
0.0
0.0
0.0
0.0
0.0
0.0
0.0
0.0
0.0
0.0
0.0
0.0
0.0
0.0
0.0
0.0
0.0
0.0
0.0
0.0
0.0
0.0
0.0
0.0
0.0
0.0
0.0
0.0
0.0
0.0
0.0
0.0
0.0
0.0
0.0
0.0
0.0
0.0
0.0
0.0
0.0
0.0
0.0
0.0
0.0
0.0
0.0
0.0
0.0
0.0
0.0
0.0
0.0
0.0
0.0
0.0
0.0
0.0
0.0
0.0
0.0
0.0
0.0
0.0
0.0
0.0
0.0
0.0
0.0
0.0
0.0
0.0
0.0
0.0
0.0
0.0
0.0
0.0
0.0
0.0
0.0
0.0
0.0
0.0
0.0
0.0
0.0
0.0
0.0
0.0
0.0
0.0
0.0
0.0
0.0
0.0
0.0
0.0
0.0
0.0
0.0
0.0
0.0
0.0
0.0
0.0
0.0
0.0
0.0
0.0
0.0
0.0
0.0
0.0
0.0
0.0
0.0
0.0
0.0
0.0
0.0
0.0
0.0
0.0
0.0
0.0
0.0
0.0
0.0
0.0
0.0
0.0
0.0
0.0
0.0
0.0
0.0
0.0
0.0
0.0
0.0
0.0
0.0
0.0
0.0
0.0
0.0
0.0
0.0
0.0
0.0
0.0
0.0
0.0
0.0
0.0
0.0
0.0
0.0
0.0
0.0
0.0
0.0
0.0
0.0
0.0
0.0
0.0
0.0
0.0
0.0
0.0
0.0
0.0
0.0
0.0
0.0
0.0
0.0
0.0
0.0
0.0
0.0
0.0
0.0
0.0
0.0
0.0
0.0
0.0
0.0
0.0
0.0
0.0
0.0
0.0
0.0
0.0
0.0
0.0
0.0
0.0
0.0
0.0
0.0
0.0
0.0
0.0
0.0
0.0
0.0
0.0
0.0
0.0
0.0
0.0
0.0
0.0
0.0
0.0
0.0
0.0
0.0
0.0
0.0
0.0
0.0
0.0
0.0
0.0
0.0
0.0
0.0
0.0
0.0
0.0
0.0
0.0
0.0
0.0
0.0
0.053959486238532105
0.10580319080433907
0.1556140746816462
0.20347184590802914
0.24945308712427372
0.2936313781229343
0.33607741359169435
0.3768591162399445
0.41604174548960327
0.45368800190411057
0.4898581275227014
0.524610002260517
0.557999236528813
0.5900792602234779
0.6209014082242617
0.6505150025415318
0.6789674312420091
0.7063042242797806
0.7325691263539369
0.7578041669094204
0.7820497273931006
0.805344605872702
0.8277260791219861
0.8492299622715409
0.869890666120627
0.8897412522017963
0.9088134856863948
0.9271378862156113
0.944743776738413
0.961659330434517
0.9779116157974866
0.9935266399500945
1.008529390261265
1.0229438743311945
1.0367931584086307
1.0500994043017917
1.0628839048419843
1.0751671179566755
1.0869686994065404
1.0983075342388704
1.1092017670076773
1.1196688308088487
1.1297254751768206
1.1393877928874034
1.1486712457096564
1.1575906891480152
1.1661603962142677
1.1743940802674164
1.1823049169579782
1.1899055653118344
1.1972081879873728
1.2042244707383347
1.210965641113513
1.2174424864232252
1.2236653710013101
1.2296442527902731
1.235388699276117
1.240907902798361
1.2462106952597438
1.251305562259152
1.2562006566703878
1.2609038116885063
1.2654225533645975
1.269764112649074
1.2739354369627327
1.2779432013141114
1.2817938189809246
1.285493451772676
1.2890480198908685
1.2924632114025885
1.2957444913426266
1.298897110458699
1.3019261136137636
1.3048363478588765
1.3076324701895072
1.3103189549977254
1.312900101232182
1.3153800392773434
1.3177627375629888
1.320052008914543
1.3222515166544109
1.3243647804640741
1.3263951820163329
1.3283459703867027
1.3302202672526287
1.3320210718888355
1.333751265966806
1.3354136181660707
1.337010788604685
1.3385453330959858
1.3400197072384377
1.3414362703451146
1.3427972892191034
1.3441049417808724
1.345361320553409
1.3465684360107024
1.3477282197949307
1.3488425278075005
1.3499131431788849
1.3509417791220126
1.3519300816737743
1.352879632329032
1.3537919505713487
1.354668496304486
1.3555106721885612
1.3563198258846034
1.3570972522110978
1.3578441952159714
1.358561850167336
1.3592513654661706
1.3599138444840095
1.3605503473285707
1.361161892540155
1.3617494587215278
1.3623139861038918
1.362856378051458
1.3633775025070207
1.363878193380851
1.3643592518851317
1.3648214478160667
1.36526552078572
1.3656921814055525
1.3661021124235513
1.366495969816773
1.3668743838410462
1.367237960039516
1.3675872802116409
1.3679229033441975
1.3682453665057779
1.3685551857062133
1.3688528567223008
1.3691388558911517
1.3694136408724324
1.3696776513807176
1.369931309889127
1.370175022305373
1.3704091786212989
1.3706341535369497
1.370850307060172
1.371057985082703
1.3712575199336705
1.3714492309113921
1.3716334247943192
1.3718103963319481
1.3719804287164825
1.3721437940360013
1.372300753709857
1.3724515589070037
1.3725964509479192
1.3727356616907709
1.3728694139024373
1.372997921614983
1.3731213904681556
1.3732400180384527
1.373353994155287
1.3734635012047536
1.3735687144214865
1.373669802169072
1.3737669262094656
1.373860241961846
1.3739498987513186
1.3740360400478682
1.3741188036959409
1.3741983221350251
1.3742747226115826
1.3743481273826699
1.3744186539115761
1.3744864150557892
1.3745515192475914
1.3746140706675747
1.3746741694113516
1.3747319116497296
1.3747873897826053
1.374840692586823
1.374891905358238
1.3749411100482065
1.374988385394727
1.375033807048436
1.375077447693667
1.3751193771647596
1.3751596625578102
1.3751983683380395
1.3752355564429508
1.3752712863814431
1.3753056153290384
1.3753385982193742
1.3753702878321097
1.3754007348773836
1.3754299880769618
1.375458094242203
1.3754850983489655
1.3755110436095797
1.3755359715419957
1.375559922036222
1.3755829334181575
1.375605042510921
1.3756262846937761
1.3756466939587457
1.3756663029650067
1.3756851430911512
1.3757032444853992
1.3757206361138419
1.375737345806794
1.375753400303328
1.3757688252940625
1.3757836454622723
1.3757978845233871
1.375811565262942
1.3758247095730376
1.3758373384873734
1.3758494722149062
1.3758611301721873
1.375872331014435
1.3758830926653858
1.3758934323459762
1.3759033666019005
1.3759129113300868
1.3759220818041358
1.375930892698762
1.3759393581132757
1.3759474915941456
1.375955306156676
1.3759628143058333
1.3759700280562577
1.3759769589514883
1.3759836180824356
1.3759900161051293
1.3759961632577702
1.3760020693771138
1.3760077439142104
1.3760131959495296
1.376018434207491
1.3760234670704243
1.3760283025919835
1.3760329485100344
1.3760374122590369
1.3760417009819412
1.376045821541619
1.3760497805318441
1.3760535842878454
1.3760572388964438
1.3760607502057927
1.3760641238347355
1.3760673651817983
1.3760704794338277
1.3760734715742908
1.3760763463912509
1.3760791084850281
1.3760817622755614
1.376084312009482
1.3760867617669075
1.3760891154679726
1.3760913768791008
1.3760935496190323
1.3760956371646142
1.376097642856365
1.376099569903819
1.3761014213906633
1.3761032002796716
1.3761049094174456
1.3761065515389703
1.3761081292719906
1.3761096451412156
1.3761111015723593
1.3761125008960222
1.3761138453514208
1.3761151370899702
1.3761163781787278
1.3761175706037
1.3761187162730215
1.3761198170200073
1.3761208746060873
1.376121890723625
1.376122866998625
1.3761238049933355
1.376124706208748
1.3761255720869996
1.37612640401368
1.3761272033200496
1.3761279712851686
1.3761287091379453
1.3761294180591015
1.376130099183062
1.3761307535997707
1.3761313823564338
1.376131986459196
1.3761325668747506
1.3761331245318862
1.3761336603229732
1.3761341751053917
1.3761346697029033
1.3761351449069696
1.3761356014780184
1.3761360401466605
1.3761364616148595
1.3761368665570544
1.376137255621239
1.3761376294299992
1.3761379885815086
1.3761383336504862
1.3761386651891159
1.3761389837279303
1.3761392897766593
1.3761395838250463
1.3761398663436315
1.3761401377845046
1.376140398582029
1.3761406491535366
1.376140889899995
1.3761411212066499
1.3761413434436414
1.376141556966596
1.376141762117196
1.376141959223726
1.3761421486015988
1.376142330553859
1.3761425053716692
1.376142673334775
1.3761428347119535
1.3761429897614426
1.3761431387313543
1.3761432818600723
1.376143419376633
1.3761435515010925
1.376143678444878
1.3761438004111264
1.37614391759501
1.376144030184048
1.3761441383584065
1.376144242291188
1.376144342148707
1.3761444380907566
1.3761445302708648
1.3761446188365394
1.3761447039295043
1.3761447856859264
1.3761448642366334
1.376144939707323
1.3761450122187648
1.3761450818869922
1.3761451488234895
1.3761452131353693
1.3761452749255443
1.3761453342928918
1.3761453913324124
1.3761454461353815
1.3761454987894954
1.376145549379012
1.3761455979848853
1.3761456446848952
1.3761456895537716
1.3761457326633142
1.3761457740825074
1.3761458138776308
1.3761458521123653
1.3761458888478943
1.3761459241430027
1.3761459580541702
1.3761459906356617
### factor:4
0.0
0.0
0.0
0.0
0.0
0.0
0.0
0.0
0.0
0.0
0.0
0.0
0.0
0.0
0.0
0.0
0.0
0.0
0.0
0.0
0.0
0.0
0.0
0.0
0.0
0.0
0.0
0.0
0.0
0.0
0.0
0.0
0.0
0.0
0.0
0.0
0.0
0.0
0.0
0.0
0.0
0.0
0.0
0.0
0.0
0.0
0.0
0.0
0.0
0.0
0.0
0.0
0.0
0.0
0.0
0.0
0.0
0.0
0.0
0.0
0.0
0.0
0.0
0.0
0.0
0.0
0.0
0.0
0.0
0.0
0.0
0.0
0.0
0.0
0.0
0.0
0.0
0.0
0.0
0.0
0.0
0.0
0.0
0.0
0.0
0.0
0.0
0.0
0.0
0.0
0.0
0.0
0.0
0.0
0.0
0.0
0.0
0.0
0.0
0.0
0.0
0.0
0.0
0.0
0.0
0.0
0.0
0.0
0.0
0.0
0.0
0.0
0.0
0.0
0.0
0.0
0.0
0.0
0.0
0.0
0.0
0.0
0.0
0.0
0.0
0.0
0.0
0.0
0.0
0.0
0.0
0.0
0.0
0.0
0.0
0.0
0.0
0.0
0.0
0.0
0.0
0.0
0.0
0.0
0.0
0.0
0.0
0.0
0.0
0.0
0.0
0.0
1.5850019259936005E-5
1.209812045634724E-4
3.8917414063145456E-4
8.784223954889108E-4
0.0016323808080223915
0.002681950387728308
0.004046909987483732
0.005737523862401503
0.007756072874589182
0.010098273927428722
0.012754566415283757
0.01571125579785814
0.01895151295693157
0.022456234080259208
0.02620476985089118
0.030175535124712938
0.034346511449384436
0.038695655055204434
0.04320122261214677
0.047842026316473114
0.0525976289101539
0.057448488166852746
0.062376059283199475
0.0673628625491815
0.07239252267140779
0.07744978520718579
0.0825205147445356
0.08759167873494116
0.09265132024862353
0.09768852237042405
0.10269336648050532
0.10765688625991077
0.11257101891843939
0.11742855485351564
0.12222308670654916
0.12694895858114238
0.13160121601957708
0.1361755571951538
0.14066828566368822
0.14507626492391026
0.14939687496033785
0.15362797088056096
0.15776784370935815
0.16181518336262635
0.16576904379300833
0.16962881027489488
0.17339416877793942
0.17706507736433016
0.1806417395349622
0.18412457944263014
0.18751421888582664
0.19081145599419308
0.19401724551571775
0.1971326806160795
0.20015897610181185
0.20309745298098883
0.20594952427772056
0.2087166820197443
0.21140048532167943
0.2140025494899852
0.21652453607923627
0.21896814383295007
0.22133510044581117
0.22362715508770217
0.22584607163343692
0.22799362254547872
0.23007158336019515
0.23208172773134206
0.23402582298747343
0.23590562616283642
0.23772288046403037
0.23947931213728563
0.24117662770365236
0.24281651153168557
0.24440062371937446
0.2459305982590939
0.24740804146126208
0.24883453061417202
0.25021161285913657
0.2515408042616457
0.25282358906069385
0.2540614190797943
0.25525571328446417
0.25640785747214423
0.2575192040816154
0.2585910721099941
0.2596247471263384
0.2606214813717758
0.2615824939368836
0.2625089710078071
0.26340206617330847
0.26426290078558484
0.2650925643683016
0.26589211506584126
0.26666258012828675
0.2674049564271331
0.2681202109971633
0.26880928160033146
0.2694730773078705
0.27011247909719044
0.27072834046045113
0.27132148802198897
0.27189272216204746
0.27244281764451245
0.2729725242465813
0.27348256738850735
0.27397364876175456
0.274446446954076
0.27490161807019264
0.275339796346899
0.2757615947615598
0.2761676056330874
0.2765584012146037
0.2769345342770974
0.27729653868348075
0.277644929952539
0.27798020581234495
0.2783028467427836
0.27861331650689625
0.27891206267081525
0.27919951711211294
0.2794760965164375
0.27974220286235296
0.2799982238943396
0.2802445335839469
0.2804814925791235
0.28070944864177605
0.2809287370736355
0.2811396811305313
0.2813425924251934
0.2815377713187209
0.2817255073008696
0.2819060793593261
0.2820797563381455
0.28224679728554164
0.2824074517912253
0.2825619603134941
0.28271055449628296
0.2828534574763876
0.2829908841810797
0.2831230416163311
0.2832501291458703
0.2833723387612916
0.283489855343441
0.2836028569152996
0.2837115148865863
0.28381599429030047
0.2839164540114211
0.28401304700798014
0.2841706372026744
0.2846872160728975
0.2858537337910812
0.2878839455078976
0.29092003224779456
0.29504144870763144
0.3002753590975933
0.3066073528013563
0.3139915341970423
0.32235945499863194
0.33162765347051226
0.3417037712027155
0.3524913447261506
0.36389343461109575
0.3758152779952716
0.3881661477820801
0.4008605848917648
0.4138191469023863
0.42696879208236455
0.44024299491321867
0.4535816690230208
0.4669309564209114
0.48024292797650164
0.4934752289192769
0.506590694342925
0.5195569528782363
0.5323460314682272
0.5449339702125564
0.5573004532712066
0.5694284596068244
0.5813039357229514
0.5929154913813504
0.6042541184464217
0.615312932423831
0.6260869358691313
0.6365728025908953
0.6467686814241578
0.6566740182754697
0.6662893951192781
0.6756163846407537
0.6846574192607489
0.6934156733355468
0.7018949573910476
0.7100996233233918
0.7180344795724204
0.7257047153484724
0.7331158330652322
0.7402735882005839
0.7471839358730537
0.7538529834830503
0.7602869488255714
0.766492123134319
0.7724748385663444
0.7782414396815579
0.7837982585129089
0.7891515928609623
0.7943076874812227
0.7992727178641057
0.8040527763361747
0.8086538602373639
0.8130818619526183
0.8173425605978977
0.8214416151800024
0.82538455906737
0.8291767956250113
0.8328235948812684
0.8363300911072147
0.8397012812014069
0.8429420237834571
0.8460570389096242
0.8490509083324268
0.851928076234234
0.8546928503719903
0.8573494035767248
0.8599017755573785
0.8623538749637827
0.8647094816684243
0.8669722492309527
0.8691457075132991
0.8712332654167984
0.8732382137158896
0.8751637279658361
0.8770128714644926
0.8787885982504788
0.8804937561222127
0.8821310896641478
0.8837032432682572
0.8852127641403317
0.8866621052820328
0.888053628440871
0.8893896070213839
0.8906722289517771
0.891903599501175
0.8930857440434212
0.8942206107640709
0.8953100733078496
0.896355933364411
0.8973599231907229
0.8983237080688529
0.8992488886983139
0.9001370035224731
0.9009895309888316
0.9018078917432464
0.9025934507583965
0.9033475193970004
0.9040713574104621
0.9047661748737748
0.9054331340576404
0.9060733512388703
0.9066878984502245
0.9072778051709209
0.907844059959111
0.9083876120276628
0.9089093727646348
0.9094102171998488
0.9098909854189936
0.9103524839266981
0.9107954869600232
0.9112207377538173
0.9116289497593756
0.9120208078178345
0.9123969692897145
0.9127580651420121
0.913104700994216
0.9134374581246039
0.9137568944381477
0.9140635453973317
0.9143579249171568
0.9146405262255767
0.9149118226905808
0.9151722686151095
0.9154223000009526
0.9156623352827549
0.9158927760332162
0.9161140076405461
0.9163263999591983
0.9165303079348807
0.916726072204804
0.916914019674103
0.9170944640693336
0.9172677064699172
0.9174340358183785
0.9175937294101902
0.9177470533640127
0.917894263073088
0.9180356036385209
0.9181713102851552
0.9183016087607253
0.9184267157189405
0.9185468390871345
0.9186621784190909
0.9187729252336294
0.9188792633395196
0.9189813691472654
0.9190794119682826
0.9191735543019746
0.9192639521111879
0.9193507550865158
0.9194341068998942
0.9195141454479243
0.9195910030853301
0.9196648068489536
0.9197356786726646
0.9198037355935558
0.9198690899497722
0.9199318495703158
0.9199921179571483
0.9200499944599057
0.9201055744435227
0.9201589494490565
0.9202102073479835
0.9202594324902367
0.9203067058462358
0.920352105143156
0.9203957049956689
0.9204375770313801
0.9204777900111799
0.9205164099447145
0.9205535002011748
0.9205891216155951
0.9206233325908437
0.9206561891954808
0.9206877452576524
0.9207180524551818
0.9207471604020122
0.9207751167311515
0.9208019671742589
0.9208277556380123
0.9208525242773867
0.9208763135659689
0.9208991623634303
0.9209211079802724
0.9209421862399568
0.9209624315385256
0.9209818769018142
0.9210005540403551
0.9210184934020661
0.9210357242228132
0.9210522745749339
0.9210681714138049
0.9210834406225331
0.9210981070548456
0.9211121945762526
0.9211257261035531
0.9211387236427505
0.9211512083254425
0.9211632004437476
0.9211747194838266
0.9211857841580579
0.9211964124359187
0.921206621573626
0.9212164281425882
0.9212258480567131
0.9212348965986215
0.9212435884448077
0.9212519376897925
0.9212599578693067
0.9212676619825457
0.9212750625135331
0.9212821714516273
0.9212890003112084
0.9212955601505763
0.9213018615900926
0.9213079148295968
0.921313729665126
0.9213193155049664
0.9213246813850627
0.9213298359838126
0.9213347876362691
0.9213395443477771
0.9213441138070646
0.9213485033988118
0.9213527202157186
0.9213567710700905
0.9213606625049635
0.9213644008047839
0.9213679920056638
0.9213714419052272
0.9213747560720646
0.9213779398548101
0.9213809983908577
0.9213839366147308
0.9213867592661185
0.9213894708975914
0.9213920758820122
0.9213945784196499
0.9213969825450121
0.9213992921334055
0.9214015109072358
0.921403642442057
0.9214056901723809
0.9214076573972559
0.9214095472856235
0.921411362881463
0.9214131071087317
0.9214147827761097
0.9214163925815552
0.9214179391166805
0.9214194248709533
0.9214208522357326
0.9214222235081434
0.9214235408947993
0.921424806515376
0.9214260224060444
0.9214271905227674
0.9214283127444659
0.9214293908760597
0.921430426651388
0.9214314217360142
0.92143237772992
0.9214332961700924
0.9214341785330087
0.9214350262370231
0.9214358406446592
0.9214366230648113
0.9214373747548593
0.9214380969226993
0.9214387907286946
0.9214394572875492
0.9214400976701075
0.9214407129050828
0.9214413039807172
0.9214418718463769
0.9214424174140833
0.9214429415599841
0.9214434451257671
0.9214439289200171
0.9214443937195195
0.9214448402705128
0.9214452692898916
0.9214456814663619
0.9214460774615507
0.9214464579110727
0.9214468234255537
0.9214471745916145
0.9214475119728156
0.9214478361105649
0.9214481475249896
0.9214484467157733
0.9214487341629609
0.921449010327731
0.9214492756531381
0.9214495305648257
0.9214497754717116
0.9214500107666452
0.9214502368270401
0.9214504540154805
0.9214506626803054
0.921450863156168
0.9214510557645742
0.9214512408143996
0.921451418602386
0.9214515894136188
0.9214517535219849
0.9214519111906132
0.9214520626722973
0.9214522082099018
0.921452348036753
0.9214524823770135
0.9214526114460421
0.9214527354507402
0.9214528545898845
0.9214529690544452
0.9214530790278939
0.9214531846864976
0.9214532861996023
0.9214533837299044
0.9214534774337122
0.9214535674611971
0.9214536539566344
0.921453737058635
0.921453816900368
0.9214538936097746
0.921453967309773
0.9214540381184563
0.9214541061492815
0.921454171511252
0.9214542343090922
0.921454294643416
0.9214543526108876
0.9214544083043772
0.9214544618131095
0.9214545132228076
0.9214545626158295
0.9214546100713009
0.9214546556652422
0.92145469947069
0.9214547415578147
0.9214547819940325
0.9214548208441141
0.9214548581702883
0.9214548940323416
0.9214549284877146
0.9214549615915936
0.9214549933969992
0.9214550239548717
0.9214550533141522
0.9214550815218616
0.9214551086231755
### factor:5
0.0
0.0
0.0
0.0
0.0
0.0
0.0
0.0
0.0
0.0
0.0
0.0
0.0
0.0
0.0
0.0
0.0
0.0
0.0
0.0
0.0
0.0
0.0
0.0
0.0
0.0
0.0
0.0
0.0
0.0
0.0
0.0
0.0
0.0
0.0
0.0
0.0
0.0
0.0
0.0
0.0
0.0
0.0
0.0
0.0
0.0
0.0
0.0
0.0
0.0
0.0
0.0
0.0
0.0
0.0
0.0
0.0
0.0
0.0
0.0
0.0
0.0
0.0
0.0
0.0
0.0
0.0
0.0
0.0
0.0
0.0
0.0
0.0
0.0
0.0
0.0
0.0
0.0
0.0
0.0
0.0
0.0
0.0
0.0
0.0
0.0
0.0
0.0
0.0
0.0
0.0
0.0
0.0
0.0
0.0
0.0
0.0
0.0
0.0
0.0
0.0
0.0
0.0
0.0
0.0
0.0
0.0
0.0
0.0
0.0
0.0
0.0
0.0
0.0
0.0
0.0
0.0
0.0
0.0
0.0
0.0
0.0
0.0
0.0
0.0
0.0
0.0
0.0
0.0
0.0
0.0
0.0
0.0
0.0
0.0
0.0
0.0
0.0
0.0
0.0
0.0
0.0
0.0
0.0
0.0
0.0
0.0
0.0
0.0
0.0
0.0
0.0
2.394215289066076E-22
2.6249143972645786E-18
3.938933707366279E-16
1.3454212960824654E-14
2.0170464649813511E-13
1.7842825830442143E-12
1.094261408814373E-11
5.1283746240802636E-11
1.9566087000285452E-10
6.346441442308765E-10
1.805258875618579E-9
4.608012342869447E-9
1.074118584912344E-8
2.317800161819363E-8
4.6804563972612203E-8
8.922520212450323E-8
1.617283643075251E-7
2.803921550184221E-7
4.672955641750733E-7
7.517907420829548E-7
1.1717842569120038E-6
1.7749716079297044E-6
2.6199694037762396E-6
3.777293239224679E-6
5.330135846305612E-6
7.374908832304177E-6
1.002152146507016E-5
1.3393380761836313E-5
1.7627107894620917E-5
2.287197606997402E-5
2.9289084131485934E-5
3.705028786299048E-5
4.633691715855834E-5
5.733831180383325E-5
7.025021160640343E-5
8.527303811726143E-5
1.0261010534951121E-4
1.2246579590637673E-4
1.4504373697782152E-4
1.7054500795763545E-4
1.9916640816867477E-4
2.3109880954754014E-4
2.665256152971818E-4
3.0562134161086173E-4
3.485503357246488E-4
3.954656398661643E-4
4.4650800721052615E-4
5.01805072785825E-4
5.614706794271862E-4
6.256043563817741E-4
6.942909460247583E-4
7.67600372354977E-4
8.455875434867211E-4
9.282923792219005E-4
0.0010157399539512085
0.0011079407445668693
0.0012048909727444207
0.0013065730308372979
0.0014129559806965054
0.0015239961149500956
0.0016396375706266718
0.0017598129854587117
0.0018844441877323044
0.0020134429111392732
0.0021467115267173056
0.002284143784617605
0.002425625559103894
0.002571035590849636
0.0027202462212523415
0.0028731241141168626
0.0030295309606673034
0.003189324164424792
0.0033523575030322437
0.003518481764615008
0.0036875453567364277
0.0038593948864392115
0.004033875710257146
0.004210832453437662
0.0043901094979351424
0.004571551439019046
0.004755003510591559
0.004940311979528473
0.005127324509546277
0.005315890495260174
0.005505861367233949
0.005697090868935412
0.0058894353066026835
0.006082753773098748
0.006276908346886514
0.006471764267295892
0.006667190087279847
0.00686305780486969
0.007059242974542482
0.007255624799706868
0.007452086207499072
0.007648513907059504
0.007844798432433454
0.008040834171207673
0.008236519379959171
0.008431756187554028
0.008626450587293232
0.008820512418860024
0.009013855340979551
0.009206396795657365
0.009398057964818676
0.009588763720125881
0.009778442566707827
0.00996702658149096
0.010154451346780075
0.010340655879695045
0.010525582558029774
0.010709177043060906
0.01089138819979644
0.011072168015118608
0.0112514715142411
0.011429256675867994
0.011605484346410651
0.01178011815358929
0.011953124419717989
0.012124472074945453
0.01229413257069898
0.012462079793555614
0.01262828997974254
0.012792741630448105
0.01295541542810567
0.01311629415379446
0.01327536260588489
0.013432607520040276
0.01358801749067239
0.013741582893934987
0.013893295812327032
0.014043149960966035
0.01419114061558135
0.014337264542267695
0.014481519929030354
0.014623906319145393
0.014764424546350928
0.014903076671878752
0.015039865923329591
0.015174796635389735
0.015307874192381863
0.015439104972638455
0.015568496294682162
0.015696056365194017
0.0158217942287472
0.015945719719281288
0.01606784341328958
0.01618817658468986
0.016306731161347274
0.016423620653526427
0.016540104676827302
0.016659370535134797
0.01678621501037114
0.01692672536371926
0.01708808038193676
0.01727845620904393
0.017507009963975445
0.01778391204227084
0.018120400739649902
0.018528837345505995
0.01902274458529266
0.019616815668906076
0.020326885136995942
0.021169856261913096
0.022163583030458227
0.023326707732714443
0.024678457869090932
0.02623840839401946
0.028026217156565704
0.03006134270419381
0.03236275434223909
0.03494864448092218
0.03783615288544601
0.04104111154011643
0.04457781754037414
0.04845883985170755
0.05269486404393792
0.057294577342640964
0.062264594643578364
0.06760942459892653
0.07333147357052172
0.07943108419538342
0.08590660453898906
0.09275448331813531
0.09996938643731962
0.1075443300683156
0.11547082567289689
0.12373903268158452
0.13233791495559674
0.14125539763682377
0.15047852149849422
0.15999359241990407
0.1697863241008477
0.1798419725897297
0.19014546161347512
0.200681498061489
0.21143467728785065
0.22238957815626714
0.23353084796366919
0.24484327754468632
0.2563118669853572
0.2679218824654498
0.27965890480985195
0.29150887036560347
0.3034581048368806
0.3154933507097556
0.32760178888548996
0.3397710551186247
0.35198925182685714
0.36424495580585375
0.3765272223455261
0.38882558620633156
0.40113005987596845
0.4134311294892658
0.4257197487577576
0.43798733122081857
0.4502257410976288
0.46242728298880187
0.47458469064834563
0.48669111502074275
0.4987401117142997
0.5107256280604452
0.5226419898892567
0.5344838881340397
0.5462463653621414
0.5579248023152233
0.5695149045297961
0.5810126890978189
0.5924144716174352
0.6037168533753595
0.6149167087949035
0.6260111731770561
0.6369976307562888
0.647873703087766
0.6586372377783216
0.669286297569825
0.6798191497803582
0.6902342561058755
0.7005302627826857
0.7107059911091134
0.7207604283230362
0.7306927188306049
0.740502155780305
0.7501881729755815
0.759750337118494
0.769188340376268
0.778501993262151
0.7876912178216371
0.7967560411148827
0.8056965889859801
0.8145130801096752
0.8232058203060985
0.8317751971141107
0.8402216746139467
0.8485457884899553
0.8567481413243824
0.8648293981133134
0.8727902819960874
0.8806315701896998
0.8883540901199332
0.895958715741185
0.9034463640371979
0.9108179916951363
0.9180745919456996
0.9252171915622017
0.9322468480117927
0.9391646467522371
0.9459716986679008
0.9526691376388344
0.9592581182370702
0.9657398135444715
0.9721154130866988
0.9783861208780658
0.9845531535722674
0.9906177387141664
0.9965811130880187
1.0024445211577067
1.0082092135947354
1.0138764458899217
1.0194474770448783
1.0249235683395583
1.0303059821722877
1.0355959809688609
1.040794826157427
1.0459037772060333
1.050924090719829
1.0558570195950596
1.0607038122271175
1.0654657117700201
1.070143955444817
1.074739773894529
1.0792543905833296
1.0836890212377863
1.0880448733280712
1.092323145587145
1.0965250275660106
1.1006516992232172
1.104704330546875
1.1086840812075238
1.1125921002402728
1.1164295257546955
1.1201974846710445
1.1238970924814033
1.1275294530344648
1.1310956583426834
1.1345967884106039
1.1380339110832294
1.1414080819133396
1.144720344046722
1.1479717281243293
1.1511632522004207
1.154295921675786
1.157370729245201
1.1603886548582947
1.1633506656930532
1.1662577161412198
1.1691107478048843
1.1719106895035933
1.1746584572913383
1.1773549544828164
1.1800010716883813
1.182597686857136
1.185145665327639
1.1876458598857287
1.190099110828988
1.1925062460374014
1.1948680810497714
1.1971854191454896
1.199459051431273
1.2016897569324985
1.2038783026887854
1.2060254438534939
1.2081319237968249
1.2101984742122214
1.2122258152257877
1.214214655508459
1.2161656923906643
1.2180796119792419
1.2199570892763787
1.221798788300356
1.2236053622078973
1.2253774534179218
1.2271156937365248
1.2288207044830048
1.2304930966167793
1.2321334708650302
1.2337424178509362
1.2353205182223508
1.236868342780799
1.238386452610668
1.2398753992084797
1.2413357246121315
1.2427679615300107
1.24417263346988
1.2455502548674486
1.2469013312145438
1.248226359186803
1.249525826770815
1.2508002133906393
1.252049990033642
1.253275619375584
1.2544775559049126
1.2556562460461969
1.2568121282826663
1.257945633277804
1.2590571839959548
1.2601471958219097
1.2612160766794345
1.2622642271487081
1.2632920405826433
1.2642999032220632
1.2652881943097092
1.2662572862030592
1.2672075444859379
1.2681393280788993
1.2690529893483704
1.2699488742145384
1.2708273222579727
1.2716886668249723
1.272533235131628
1.2733613483665953
1.2741733217925701
1.2749694648464678
1.2757500812382967
1.2765154690487304
1.2772659208253754
1.2780017236777357
1.2787231593708759
1.2794305044177858
1.28012403017045
1.280804002909626
1.2814706839333379
1.2821243296440896
1.2827651916348044
1.2833935167734993
1.2840095472867006
1.2846135208416092
1.2852056706270254
1.2857862254330406
1.2863554097295071
1.286913443743296
1.287460543534353
1.2879969210705617
1.28852278430143
1.2890383372306045
1.2895437799872298
1.2900393088961626
1.290525116547051
1.2910013918622956
1.291468320163899
1.2919260832392219
1.2923748594056548
1.2928148235742187
1.2932461473121093
1.2936689989041954
1.2940835434134867
1.2944899427405823
1.2948883556821131
1.2952789379881935
1.295661842418892
1.2960372187997369
1.2964052140762685
1.2967659723676508
1.2971196350193575
1.2974663406549432
1.2978062252269136
1.298139422066709
1.2984660619338113
1.2987862730639892
1.299100181216694
1.299407909721619
1.2997095795244322
1.3000053092317012
1.300295215155014
1.300579411354316
1.3008580096804705
1.3011311198170559
1.3013988493214124
1.3016613036649503
1.3019185862727287
1.3021707985623205
1.3024180399819723
1.3026604080480704
1.3028979983819264
1.303130904745892
1.3033592190788137
1.3035830315308383
1.3038024304975822
1.3040175026536713
1.3042283329856657
1.3044350048243762
1.3046375998765865
1.3048361982561871
1.3050308785147346
1.3052217176714436
1.3054087912426218
1.3055921732705587
1.3057719363518758
1.305948151665349
1.3061208889992106
1.3062902167779427
1.306456202088567
1.3066189107064452
1.3067784071205917
1.3069347545585144
1.3070880150105861
1.3072382492539583
1.3073855168760238
1.3075298762974374
1.3076713847947017
1.3078100985223253
1.3079460725345633
1.308079360806744
1.3082100162561934
1.3083380907627609
1.3084636351889571
1.3085866993997068
1.3087073322817275
1.3088255817625387
1.3089414948291087
1.3090551175461462
1.309166495074042
1.3092756716864693
1.3093826907876458
1.3094875949292673
1.309590425827116
1.3096912243773513
1.3097900306724877
1.3098868840170665
1.3099818229430271
1.3100748852247819
1.3101661078940026
1.3102555272541216
1.3103431788945548
1.3104290977046489
1.310513317887363
1.310595872972683
1.3106767958307803
1.3107561186849144
1.310833873124087
1.3109100901154522
1.3109848000164868
1.3110580325869239
1.3111298170004573
1.3112001818562182
1.3112691551900306
1.3113367644854472
1.311403036684573
### END
