### NP, NF, NT, dt
3 4 660 0.4
### promoter data
#   name
#   type, strength, number of genes
#   factor name
#   k, n
###
p1
1 0.5 1
input 1
0.9 2
pA
1 0.5 1
A
0.9 2
pB
1 0.5 1
B
0.9 2
### factor data
#   name
#   degeneration, copy rate, number of genes
#   initial value
#   input type, timing, strength
###
input 1
0.05 0.1 1
0.0
1 100.0 1.0
A
0.05 0.2 1
0.0
0 0.0 1.0
B
0.05 0.3 1
0.0
0 0.0 1.0
C
0.05 0.2 1
0.0
0 0.0 1.0
### input type
1
### input data
### factor:0
0.0
0.0
0.0
0.0
0.0
0.0
0.0
0.0
0.0
0.0
0.0
0.0
0.0
0.0
0.0
0.0
0.0
0.0
0.0
0.0
0.0
0.0
0.0
0.0
0.0
0.0
0.0
0.0
0.0
0.0
0.0
0.0
0.0
0.0
0.0
0.0
0.0
0.0
0.0
0.0
0.0
0.0
0.0
0.0
0.0
0.0
0.0
0.0
0.0
0.0
0.0
0.0
0.0
0.0
0.0
0.0
0.0
0.0
0.0
0.0
0.0
0.0
0.0
0.0
0.0
0.0
0.0
0.0
0.0
0.0
0.0
0.0
0.0
0.0
0.0
0.0
0.0
0.0
0.0
0.0
0.0
0.0
0.0
0.0
0.0
0.0
0.0
0.0
0.0
0.0
0.0
0.0
0.0
0.0
0.0
0.0
0.0
0.0
0.0
0.0
0.0
0.0
0.0
0.0
0.0
0.0
0.0
0.0
0.0
0.0
0.0
0.0
0.0
0.0
0.0
0.0
0.0
0.0
0.0
0.0
0.0
0.0
0.0
0.0
0.0
0.0
0.0
0.0
0.0
0.0
0.0
0.0
0.0
0.0
0.0
0.0
0.0
0.0
0.0
0.0
0.0
0.0
0.0
0.0
0.0
0.0
0.0
0.0
0.0
0.0
0.0
0.0
0.0
0.0
0.0
0.0
0.0
0.0
0.0
0.0
0.0
0.0
0.0
0.0
0.0
0.0
0.0
0.0
0.0
0.0
0.0
0.0
0.0
0.0
0.0
0.0
0.0
0.0
0.0
0.0
0.0
0.0
0.0
0.0
0.0
0.0
0.0
0.0
0.0
0.0
0.0
0.0
0.0
0.0
0.0
0.0
0.0
0.0
0.0
0.0
0.0
0.0
0.0
0.0
0.0
0.0
0.0
0.0
0.0
0.0
0.0
0.0
0.0
0.0
0.0
0.0
0.0
0.0
0.0
0.0
0.0
0.0
0.0
0.0
0.0
0.0
0.0
0.0
0.0
0.0
0.0
0.0
0.0
0.0
0.0
0.0
0.0
0.0
0.0
0.0
0.0
0.0
0.0
0.0
0.0
0.0
0.0
0.0
0.0
0.0
1.0
1.0
1.0
1.0
1.0
1.0
1.0
1.0
1.0
1.0
1.0
1.0
1.0
1.0
1.0
1.0
1.0
1.0
1.0
1.0
1.0
1.0
1.0
1.0
1.0
1.0
1.0
1.0
1.0
1.0
1.0
1.0
1.0
1.0
1.0
1.0
1.0
1.0
1.0
1.0
1.0
1.0
1.0
1.0
1.0
1.0
1.0
1.0
1.0
1.0
1.0
1.0
1.0
1.0
1.0
1.0
1.0
1.0
1.0
1.0
1.0
1.0
1.0
1.0
1.0
1.0
1.0
1.0
1.0
1.0
1.0
1.0
1.0
1.0
1.0
1.0
1.0
1.0
1.0
1.0
1.0
1.0
1.0
1.0
1.0
1.0
1.0
1.0
1.0
1.0
1.0
1.0
1.0
1.0
1.0
1.0
1.0
1.0
1.0
1.0
1.0
1.0
1.0
1.0
1.0
1.0
1.0
1.0
1.0
1.0
1.0
1.0
1.0
1.0
1.0
1.0
1.0
1.0
1.0
1.0
1.0
1.0
1.0
1.0
1.0
1.0
1.0
1.0
1.0
1.0
1.0
1.0
1.0
1.0
1.0
1.0
1.0
1.0
1.0
1.0
1.0
1.0
1.0
1.0
1.0
1.0
1.0
1.0
1.0
1.0
1.0
1.0
1.0
1.0
1.0
1.0
1.0
1.0
1.0
1.0
1.0
1.0
1.0
1.0
1.0
1.0
1.0
1.0
1.0
1.0
1.0
1.0
1.0
1.0
1.0
1.0
1.0
1.0
1.0
1.0
1.0
1.0
1.0
1.0
1.0
1.0
1.0
1.0
1.0
1.0
1.0
1.0
1.0
1.0
1.0
1.0
1.0
1.0
1.0
1.0
1.0
1.0
1.0
1.0
1.0
1.0
1.0
1.0
1.0
1.0
1.0
1.0
1.0
1.0
1.0
1.0
1.0
1.0
1.0
1.0
1.0
1.0
1.0
1.0
1.0
1.0
1.0
1.0
1.0
1.0
1.0
1.0
1.0
1.0
1.0
1.0
1.0
1.0
1.0
1.0
1.0
1.0
1.0
1.0
1.0
1.0
1.0
1.0
1.0
1.0
1.0
1.0
1.0
1.0
1.0
1.0
1.0
1.0
1.0
1.0
1.0
1.0
1.0
1.0
1.0
1.0
1.0
1.0
1.0
1.0
1.0
1.0
1.0
1.0
1.0
1.0
1.0
1.0
1.0
1.0
1.0
1.0
1.0
1.0
1.0
1.0
1.0
1.0
1.0
1.0
1.0
1.0
1.0
1.0
1.0
1.0
1.0
1.0
1.0
1.0
1.0
1.0
1.0
1.0
1.0
1.0
1.0
1.0
1.0
1.0
1.0
1.0
1.0
1.0
1.0
1.0
1.0
1.0
1.0
1.0
1.0
1.0
1.0
1.0
1.0
1.0
1.0
1.0
1.0
1.0
1.0
1.0
1.0
1.0
1.0
1.0
1.0
1.0
1.0
1.0
1.0
1.0
1.0
1.0
1.0
1.0
1.0
1.0
1.0
1.0
1.0
1.0
1.0
1.0
1.0
1.0
1.0
1.0
1.0
1.0
1.0
1.0
1.0
1.0
1.0
1.0
1.0
1.0
1.0
1.0
1.0
1.0
1.0
1.0
1.0
1.0
1.0
1.0
1.0
1.0
1.0
1.0
1.0
1.0
1.0
1.0
1.0
1.0
1.0
1.0
1.0
1.0
1.0
1.0
1.0
1.0
1.0
1.0
1.0
1.0
1.0
1.0
1.0
1.0
1.0
1.0
1.0
1.0
1.0
1.0
### factor:1
0.0
0.0
0.0
0.0
0.0
0.0
0.0
0.0
0.0
0.0
0.0
0.0
0.0
0.0
0.0
0.0
0.0
0.0
0.0
0.0
0.0
0.0
0.0
0.0
0.0
0.0
0.0
0.0
0.0
0.0
0.0
0.0
0.0
0.0
0.0
0.0
0.0
0.0
0.0
0.0
0.0
0.0
0.0
0.0
0.0
0.0
0.0
0.0
0.0
0.0
0.0
0.0
0.0
0.0
0.0
0.0
0.0
0.0
0.0
0.0
0.0
0.0
0.0
0.0
0.0
0.0
0.0
0.0
0.0
0.0
0.0
0.0
0.0
0.0
0.0
0.0
0.0
0.0
0.0
0.0
0.0
0.0
0.0
0.0
0.0
0.0
0.0
0.0
0.0
0.0
0.0
0.0
0.0
0.0
0.0
0.0
0.0
0.0
0.0
0.0
0.0
0.0
0.0
0.0
0.0
0.0
0.0
0.0
0.0
0.0
0.0
0.0
0.0
0.0
0.0
0.0
0.0
0.0
0.0
0.0
0.0
0.0
0.0
0.0
0.0
0.0
0.0
0.0
0.0
0.0
0.0
0.0
0.0
0.0
0.0
0.0
0.0
0.0
0.0
0.0
0.0
0.0
0.0
0.0
0.0
0.0
0.0
0.0
0.0
0.0
0.0
0.0
0.0
0.0
0.0
0.0
0.0
0.0
0.0
0.0
0.0
0.0
0.0
0.0
0.0
0.0
0.0
0.0
0.0
0.0
0.0
0.0
0.0
0.0
0.0
0.0
0.0
0.0
0.0
0.0
0.0
0.0
0.0
0.0
0.0
0.0
0.0
0.0
0.0
0.0
0.0
0.0
0.0
0.0
0.0
0.0
0.0
0.0
0.0
0.0
0.0
0.0
0.0
0.0
0.0
0.0
0.0
0.0
0.0
0.0
0.0
0.0
0.0
0.0
0.0
0.0
0.0
0.0
0.0
0.0
0.0
0.0
0.0
0.0
0.0
0.0
0.0
0.0
0.0
0.0
0.0
0.0
0.0
0.0
0.0
0.0
0.0
0.0
0.0
0.0
0.0
0.0
0.0
0.0
0.0
0.0
0.0
0.0
0.0
0.0
0.0
1.771633605421748E-5
1.3860767280008898E-4
4.568468387120579E-4
0.001056146557382895
0.002009377121632747
0.0033785057193177056
0.005214813887936862
0.007559342830636005
0.010443514267714274
0.013889876210891442
0.01791292748241142
0.02251998093317191
0.02771203225179383
0.03348460829588722
0.03982857551464167
0.04673089495073513
0.05417531534621526
0.06214299998555263
0.07061308612488448
0.07956317826522591
0.0889697782406387
0.09880865622965608
0.10905516747561891
0.11968451982420926
0.1306719972453646
0.141993144377644
0.15362391687696933
0.16554080201612556
0.17772091360261638
0.19014206488702246
0.2027828227407662
0.21562254600395925
0.22864141054896184
0.24182042327811334
0.25514142697697006
0.2685870976777017
0.2821409359502339
0.29578725332968203
0.3095111549055564
0.3232985189388334
0.33713597423494585
0.35101087588172286
0.3649112798591108
0.3788259169400823
0.39274416622761144
0.4066560286092728
0.42055210035738955
0.4344235470573812
0.4482620780088574
0.4620599212120465
0.47580979902543435
0.48950490455825085
0.5031388788429957
0.5167057888179791
0.5302001061373572
0.5436166868159521
0.5569507517078932
0.5701978678114958
0.5833539303875367
0.5964151458739733
0.6093780155769954
0.6222393201159293
0.6349961045978019
0.6476456644962049
0.6601855322083687
0.6726134642639938
0.6849274291593151
0.6971255957900409
0.7092063224571603
0.7211681464201151
0.733009773972443
0.7447300710157051
0.7563280541082673
0.7678028819663203
0.7791538473953504
0.7903803696311318
0.8014819870701618
0.8124583503703174
0.8233092159033509
0.8340344395416748
0.8446339707626903
0.8551078470547041
0.8654561886092375
0.8756791932852688
0.8857771318316586
0.8957503433546873
0.9055992310182868
0.915324257965175
0.9249259434476947
0.9344048591577309
0.9437616257456214
0.9529969095184948
0.962111419308958
0.9711059035055254
0.979981147236625
0.9887379697004385
0.9973772216332311
1.0058997829092078
1.0143065602652912
1.022598485144558
1.0307765116523928
1.0388416146197268
1.0467947877680142
1.05463704197088
1.0623694036076268
1.0699929130040384
1.0775086229561512
1.0849175973328817
1.092220909753612
1.0994196423370308
1.1065148845177157
1.1135077319271174
1.1203992853357814
1.1271906496537938
1.133882932986595
1.1404772457434442
1.1469746997959567
1.153376407684259
1.1596834818684352
1.1658970340230472
1.1720181743726246
1.1780480110661213
1.1839876495884365
1.1898381922071875
1.195600737453015
1.2012763796317805
1.2068662083670971
1.212371308171713
1.2177927580463321
1.2231316311045335
1.228388994222505
1.2335659077123786
1.2386634250180049
1.243682592432065
1.2486244488334672
1.253490025444028
1.258280345603482
1.262996424561915
1.2676392692887524
1.2722098782974778
1.2767092414852972
1.2811383399869993
1.2854981460422974
1.2897896228759724
1.2940137245901704
1.2981713960682322
1.30226357288947
1.3062911812543263
1.3102551379193799
1.3141563501416882
1.3179957156319788
1.321774122516225
1.3254924493051632
1.3291515648713292
1.3327523284332097
1.3362955895461264
1.3397821880994845
1.3432129543200377
1.346588708780835
1.3499102624155321
1.3531784165377634
1.3563939628652875
1.3595576835486274
1.362670351203945
1.3657327289498988
1.368745570448243
1.3717096199479435
1.3746256123325922
1.377494273170911
1.38031631877015
1.383092456232189
1.3858233835121654
1.388509789479456
1.3911523539808497
1.393751747905755
1.3963086332532963
1.3988236632011557
1.4012974821760267
1.4037307259255531
1.4061240215916297
1.4084779877849485
1.4107932346606817
1.4130703639951958
1.4153099692636948
1.4175126357187013
1.4196789404692818
1.421809452560931
1.4239047330560344
1.4259653351148305
1.4279918040767987
1.4299846775424045
1.4319444854551329
1.4338717501837488
1.4357669866047247
1.437630702184777
1.4394633970634594
1.4412655641357606
1.4430376891346597
1.4447802507135918
1.4464937205287827
1.4481785633214097
1.4498352369995524
1.4514641927198941
1.453065874969143
1.454640721645137
1.456189164137605
1.4577116274085549
1.4592085300722597
1.4606802844748192
1.4621272967732712
1.4635499670142318
1.4649486892120422
1.466323851426405
1.4676758358394884
1.4690050188324855
1.47031177106161
1.4715964575335145
1.4728594376801185
1.4741010654328335
1.4753216892961734
1.4765216524207398
1.4777012926755733
1.4788609427198602
1.48000093007399
1.481121577189952
1.4822232015210688
1.4833061155910592
1.4843706270624246
1.4854170388041559
1.4864456489587572
1.4874567510085817
1.4884506338414782
1.4894275818157467
1.4903878748243993
1.491331788358727
1.4922595935711718
1.4931715573375033
1.4940679423182983
1.4949490070197278
1.4958150058536475
1.4966661891969975
1.4975028034505091
1.4983250910967238
1.499133290757323
1.499927637249773
1.5007083616432901
1.501475691314123
1.5022298500001603
1.5029710578548663
1.503699531500545
1.504415484080941
1.505119125313176
1.5058106615390303
1.5064902957755697
1.5071582277651232
1.5078146540246167
1.508459767894267
1.5090937595856413
1.5097168162290855
1.5103291219205284
1.510930857767666
1.5115222019355299
1.5121033296914477
1.5126744134493981
1.5132356228137678
1.5137871246225145
1.514329082989743
1.5148616593476973
1.515385012488179
1.515899298603391
1.5164046713262194
1.5169012817699525
1.5173892785674483
1.5178688079097529
1.5183400135841758
1.5188030370118302
1.5192580172846406
1.5197050912018264
1.5201443933058654
1.5205760559179449
1.5210002091729036
1.5214169810536722
1.5218264974252178
1.5222288820679977
1.5226242567109276
1.523012741063872
1.5233944528496601
1.5237695078356341
1.5241380198647363
1.5245001008861376
1.5248558609854177
1.5252054084142972
1.5255488496199323
1.5258862892737732
1.5262178302999942
1.526543573903501
1.526863619597518
1.5271780652307656
1.5274870070142266
1.5277905395475135
1.5280887558448373
1.5283817473605834
1.5286696040145038
1.528952414216525
1.5292302648911802
1.5295032415016707
1.5297714280735601
1.530034907218107
1.5302937601552409
1.5305480667361864
1.5307979054657406
1.5310433535242074
1.5312844867889943
1.531521379855877
1.5317541060599351
1.5319827374961628
1.5322073450397624
1.5324279983661213
1.5326447659704796
1.5328577151872902
1.5330669122092788
1.5332724221062055
1.5334743088433325
1.533672635299604
1.5338674632855407
1.5340588535608526
1.5342468658517758
1.5344315588681365
1.5346129903201453
1.5347912169349271
1.53496629447279
1.5351382777432354
1.535307220620717
1.5354731760601474
1.5356361961121598
1.5357963319381267
1.5359536338249395
1.5361081511995531
1.536259932643298
1.536409025905963
1.5365554779196553
1.5366993348124351
1.5368406419217358
1.5369794438075646
1.537115784265495
1.5372497063394481
1.537381252334269
1.5375104638281003
1.5376373816845568
1.5377620460647026
1.5378844964388356
1.5380047715980814
1.5381229096657982
1.5382389481087992
1.5383529237483906
1.5384648727712325
1.5385748307400215
1.5386828326040012
1.5387889127093
1.538893104809102
1.538995442073651
1.5390959571000917
1.5391946819221503
1.5392916480196555
1.539386886327906
1.5394804272468834
1.5395723006503126
1.5396625358945764
1.5397511618274822
1.5398382067968845
1.5399236986591665
1.5400076647875809
1.5400901320804548
1.5401711269692584
1.5402506754265408
1.540328802973735
1.5404055346888337
1.5404808952139388
1.5405549087626855
1.540627599127543
1.540698989686996
1.5407691034126048
1.54083796287595
1.5409055902554623
1.5409720073431363
1.541037235551136
1.5411012959182873
1.541164209116465
1.5412259954568719
1.5412866748962133
1.5413462670427696
1.541404791162366
1.5414622661842445
1.541518710706835
1.541574143003433
1.5416285810277799
1.5416820424195508
1.5417345445097508
1.5417861043260201
1.5418367385978506
1.5418864637617142
1.5419352959661061
1.5419832510765028
1.5420303446802361
1.5420765920912867
1.5421220083549951
1.542166608252695
1.5422104063062678
1.5422534167826196
### factor:2
0.0
0.0
0.0
0.0
0.0
0.0
0.0
0.0
0.0
0.0
0.0
0.0
0.0
0.0
0.0
0.0
0.0
0.0
0.0
0.0
0.0
0.0
0.0
0.0
0.0
0.0
0.0
0.0
0.0
0.0
0.0
0.0
0.0
0.0
0.0
0.0
0.0
0.0
0.0
0.0
0.0
0.0
0.0
0.0
0.0
0.0
0.0
0.0
0.0
0.0
0.0
0.0
0.0
0.0
0.0
0.0
0.0
0.0
0.0
0.0
0.0
0.0
0.0
0.0
0.0
0.0
0.0
0.0
0.0
0.0
0.0
0.0
0.0
0.0
0.0
0.0
0.0
0.0
0.0
0.0
0.0
0.0
0.0
0.0
0.0
0.0
0.0
0.0
0.0
0.0
0.0
0.0
0.0
0.0
0.0
0.0
0.0
0.0
0.0
0.0
0.0
0.0
0.0
0.0
0.0
0.0
0.0
0.0
0.0
0.0
0.0
0.0
0.0
0.0
0.0
0.0
0.0
0.0
0.0
0.0
0.0
0.0
0.0
0.0
0.0
0.0
0.0
0.0
0.0
0.0
0.0
0.0
0.0
0.0
0.0
0.0
0.0
0.0
0.0
0.0
0.0
0.0
0.0
0.0
0.0
0.0
0.0
0.0
0.0
0.0
0.0
0.0
0.0
0.0
0.0
0.0
0.0
0.0
0.0
0.0
0.0
0.0
0.0
0.0
0.0
0.0
0.0
0.0
0.0
0.0
0.0
0.0
0.0
0.0
0.0
0.0
0.0
0.0
0.0
0.0
0.0
0.0
0.0
0.0
0.0
0.0
0.0
0.0
0.0
0.0
0.0
0.0
0.0
0.0
0.0
0.0
0.0
0.0
0.0
0.0
0.0
0.0
0.0
0.0
0.0
0.0
0.0
0.0
0.0
0.0
0.0
0.0
0.0
0.0
0.0
0.0
0.0
0.0
0.0
0.0
0.0
0.0
0.0
0.0
0.0
0.0
0.0
0.0
0.0
0.0
0.0
0.0
0.0
0.0
0.0
0.0
0.0
0.0
0.0
0.0
0.0
0.0
0.0
0.0
0.0
0.0
0.0
0.0
0.0
0.0
0.0
0.03281987845303867
0.06498987977166844
0.09652287238532092
0.12743146991145288
0.15772803620116135
0.187424690284889
0.21653331122019778
0.2450655428435503
0.2730327984279998
0.30044626524865153
0.3273169090577217
0.35365547847098483
0.37947250926736326
0.4047783286033792
0.429583059144155
0.4538966231126143
0.4777287462585032
0.5010889617488201
0.5239866139812096
0.5464308623218458
0.5684306847693013
0.589994881545866
0.6111320786177536
0.6318507311456032
0.6521591268666556
0.6720653894099595
0.691577481545931
0.7107032083715681
0.7294502204325932
0.7478260167837741
0.7658379479886451
0.7834932190598309
0.8007988923411477
0.8177618903326345
0.8343889984596458
0.8506868677871121
0.8666620176800547
0.8823208384114182
0.8976695937182652
0.9127144233073545
0.927461345311106
0.9419162586949333
0.9560849456169092
0.9699730737407052
0.9835861985027334
0.9969297653343946
1.0100091118403236
1.022829469933502
1.035395967928094
1.047713632590839
1.0597873911518265
1.0716220732754533
1.0832224129923542
1.0945930505930763
1.1057385344842583
1.116663323008053
1.1273717862255237
1.1378682076647273
1.1481567860341821
1.1582416369024078
1.168126794344207
1.1778162125543499
1.1873137674293037
1.1966232581176441
1.2057484085397643
1.2146928688774936
1.2234602170342186
1.2320539600660918
1.2404775355849016
1.248734313133162
1.2568275955319754
1.2647606202022041
1.272536560459483
1.2801585267835869
1.287629568062665
1.294952672812836
1.3021307703736347
1.3091667320797866
1.316063372409781
1.3228234501116987
1.3294496693067486
1.3359446805709523
1.3423110819954098
1.3485514202255706
1.3546681914799255
1.3606638425485276
1.366540771771741
1.3723013299996087
1.377947821532224
1.3834825050414814
1.3889075944745755
1.3942252599396088
1.399437628573665
1.404546785393691
1.4095547741305328
1.4144635980464533
1.4192752207364654
1.423991566913796
1.428614523179796
1.4331459387786072
1.437587626336884
1.4419413625888682
1.4462088890871063
1.450391912899094
1.4544921072901262
1.4585111123926247
1.4624505358622135
1.4663119535208027
1.4700969099869379
1.473806919293668
1.477443465494179
1.4810080032554354
1.4845019584400654
1.487926728676726
1.491283683919172
1.4945741669942572
1.4977994941390813
1.5009609555275039
1.5040598157862304
1.5070973145006794
1.510074666710834
1.5129930633972737
1.5158536719575821
1.5186576366733227
1.5214060791677648
1.5241000988545501
1.526740773377471
1.529329159041543
1.5318662912355414
1.53435318484617
1.5367908346640293
1.5391802157815462
1.541522283983024
1.5438179761269688
1.5460682105208452
1.5482738872884119
1.5504358887297829
1.5525550796743595
1.5546323078267734
1.5566684041059802
1.5586641829776378
1.560620442779903
1.562537966042779
1.5644175198011356
1.5662598559015355
1.5680657113029817
1.569835808371711
1.5715708551701506
1.5732715457401525
1.5749385603806187
1.576572565919631
1.5781742159811902
1.5797441512466748
1.581282999711122
1.5827913769344342
1.584269886287611
1.5857191191941058
1.587139655366403
1.5885320630379107
1.5898968991902618
1.5912347097761137
1.592546029937537
1.5938313842200793
1.5950912867825906
1.5963262416028936
1.5975367426793812
1.5987232742286228
1.5998863108790575
1.6010263178608517
1.6021437511919971
1.6032390578607243
1.6043126760043038
1.6053650350843072
1.6063965560583966
1.6074076515487146
1.6083987260069377
1.6093701758760626
1.6103223897489884
1.61125574852396
1.6121706255569312
1.6130673868109129
1.6139463910023624
1.6148079897446754
1.6156525276888365
1.6164803426612828
1.6172917657990402
1.618087121682182
1.6188667284636653
1.619630897996597
1.6203799359589783
1.621114141975981
1.6218338097398002
1.6225392271271366
1.62323067631435
1.623908433890334
1.6245727709671551
1.6252239532885013
1.625862241335983
1.6264878904333289
1.6271011508485196
1.6277022678938975
1.6282914820242949
1.6288690289332197
1.6294351396471356
1.6299900406178758
1.6305339538132266
1.631067096805718
1.631589682859655
1.6321019210164265
1.6326040161781248
1.6330961691895085
1.6335785769183437
1.6340514323341537
1.6345149245854094
1.6349692390751902
1.6354145575353496
1.6358510580992087
1.6362789153728126
1.636698300504775
1.6371093812547406
1.6375123220604897
1.6379072841037168
1.6382944253745049
1.638673900734524
1.6390458619789774
1.639410457897322
1.6397678343327864
1.640118134240709
1.6404614977457235
1.6407980621978098
1.641127962227236
1.6414513297984121
1.6417682942626781
1.6420789824100455
1.6423835185199152
1.6426820244107916
1.642974619489011
1.6432614207965053
1.6435425430576216
1.6438180987250122
1.644088198024618
1.64435294899976
1.6446124575543577
1.6448668274952931
1.6451161605739337
1.6453605565268354
1.6456001131156377
1.64583492616617
1.6460650896067832
1.646290695505922
1.646511834108954
1.6467285938742688
1.6469410615086624
1.6471493220020212
1.6473534586613194
1.6475535531439423
1.6477496854903504
1.6479419341560975
1.6481303760432127
1.6483150865309635
1.6484961395060076
1.648673607391949
1.648847561178308
1.6490180704489183
1.6491852034097616
1.6493490269162505
1.6495096064999717
1.6496670063948997
1.6498212895630908
1.6499725177198694
1.6501207513585145
1.650266049774458
1.650408471089003
1.6505480722725745
1.6506849091675069
1.6508190365103828
1.6509505079539275
1.6510793760884712
1.6512056924629859
1.6513295076057055
1.6514508710443379
1.6515698313258764
1.65168643603602
1.6518007318182069
1.6519127643922742
1.6520225785727451
1.6521302182867559
1.6522357265916272
1.6523391456920877
1.6524405169571565
1.6525398809366911
1.652637277377608
1.652732745239782
1.6528263227116309
1.652918047225391
1.653007955472091
1.6530960834162278
1.6531824663101544
1.65326713870818
1.6533501344803927
1.6534314868262079
1.6535112282876485
1.6535893907623622
1.653666005516381
1.653741103196628
1.6538147138431765
1.6538868669012665
1.6539575912330833
1.6540269151293026
1.654094866320407
1.6541614719877789
1.6542267587745734
1.6542907527963755
1.6543534796516473
1.654414964431967
1.6544752317320666
1.6545343056596695
1.6545922098451347
1.654648967450908
1.6547046011807884
1.65475913328901
1.6548125855891427
1.6548649794628194
1.6549163358682881
1.6549666753487957
1.6550160180408056
1.6550643836820524
1.6551117916194376
1.6551582608167679
1.6552038098623418
1.655248456976385
1.6552922200183384
1.655335116494002
1.6553771635625383
1.6554183780433351
1.6554587764227342
1.655498374860626
1.6555371891969137
1.6555752349578492
1.6556125273622442
1.6556490813275575
1.6556849114758627
1.6557200321396968
1.6557544573677934
1.655788200930703
1.6558212763263005
1.6558536967851851
1.6558854752759726
1.6559166245104833
1.6559471569488258
1.6559770848043829
1.6560064200486957
1.656035174416253
1.6560633594091851
1.6560909863018651
1.6561180661454185
1.6561446097721435
1.6561706277998447
1.6561961306360802
1.6562211284823245
1.6562456313380494
1.6562696490047237
1.6562931910897345
1.6563162670102296
1.6563388859968848
1.6563610570975964
1.6563827891811003
1.6564040909405195
1.656424970896842
1.6564454374023283
1.6564654986438538
1.6564851626461827
1.6565044372751778
1.6565233302409479
1.656541849100931
1.656560001262918
1.656577793988016
1.656595234393552
1.6566123294559207
1.656629086013375
1.6566455107687614
1.656661610292201
1.6566773910237178
1.6566928592758148
1.656708021235999
1.6567228829692568
1.6567374504204795
1.6567517294168417
1.6567657256701325
1.6567794447790398
1.6567928922313901
1.6568060734063437
1.656818993576546
1.6568316579102376
1.6568440714733208
1.6568562392313861
1.6568681660516993
1.6568798567051473
1.6568913158681475
1.6569025481245179
1.6569135579673107
1.6569243498006097
1.6569349279412922
1.6569452966207554
1.6569554599866096
1.6569654221043366
1.656975186958916
1.6569847584564201
1.6569941404255755
### factor:3
0.0
0.0
0.0
0.0
0.0
0.0
0.0
0.0
0.0
0.0
0.0
0.0
0.0
0.0
0.0
0.0
0.0
0.0
0.0
0.0
0.0
0.0
0.0
0.0
0.0
0.0
0.0
0.0
0.0
0.0
0.0
0.0
0.0
0.0
0.0
0.0
0.0
0.0
0.0
0.0
0.0
0.0
0.0
0.0
0.0
0.0
0.0
0.0
0.0
0.0
0.0
0.0
0.0
0.0
0.0
0.0
0.0
0.0
0.0
0.0
0.0
0.0
0.0
0.0
0.0
0.0
0.0
0.0
0.0
0.0
0.0
0.0
0.0
0.0
0.0
0.0
0.0
0.0
0.0
0.0
0.0
0.0
0.0
0.0
0.0
0.0
0.0
0.0
0.0
0.0
0.0
0.0
0.0
0.0
0.0
0.0
0.0
0.0
0.0
0.0
0.0
0.0
0.0
0.0
0.0
0.0
0.0
0.0
0.0
0.0
0.0
0.0
0.0
0.0
0.0
0.0
0.0
0.0
0.0
0.0
0.0
0.0
0.0
0.0
0.0
0.0
0.0
0.0
0.0
0.0
0.0
0.0
0.0
0.0
0.0
0.0
0.0
0.0
0.0
0.0
0.0
0.0
0.0
0.0
0.0
0.0
0.0
0.0
0.0
0.0
0.0
0.0
0.0
0.0
0.0
0.0
0.0
0.0
0.0
0.0
0.0
0.0
0.0
0.0
0.0
0.0
0.0
0.0
0.0
0.0
0.0
0.0
0.0
0.0
0.0
0.0
0.0
0.0
0.0
0.0
0.0
0.0
0.0
0.0
0.0
0.0
0.0
0.0
0.0
0.0
0.0
0.0
0.0
0.0
0.0
0.0
0.0
0.0
0.0
0.0
0.0
0.0
0.0
0.0
0.0
0.0
0.0
0.0
0.0
0.0
0.0
0.0
0.0
0.0
0.0
0.0
0.0
0.0
0.0
0.0
0.0
0.0
0.0
0.0
0.0
0.0
0.0
0.0
0.0
0.0
0.0
0.0
0.0
0.0
0.0
0.0
0.0
0.0
0.0
0.0
0.0
0.0
0.0
0.0
0.0
0.0
0.0
0.0
0.0
0.0
0.0
2.173885166868713E-12
2.794930646721774E-10
4.491165072902451E-9
3.202344803006694E-8
1.454704358951321E-7
4.960583276328557E-7
1.3868832781999175E-6
3.3515355893245905E-6
7.2440952958463335E-6
1.4335579945959346E-5
2.641161441902853E-5
4.586625074244875E-5
7.578736006015025E-5
1.2002972554858078E-4
1.8327278053503337E-4
2.710607808729514E-4
3.898240189864841E-4
5.468804435590065E-4
7.504177241840818E-4
0.0010094563863057332
0.0013337951375696773
0.00173393991545427
0.002221018512706513
0.0028066828870244287
0.003503001439636956
0.004322343658449773
0.00527725956936038
0.006380356428193035
0.007644175019680121
0.009081067813760233
0.010703081068645358
0.0125218427709228
0.014548458072482296
0.01679341363001658
0.01926649198336088
0.02197669683225098
0.0249321897952195
0.028140238966822766
0.03160717933690207
0.035338384903811824
0.03933825210698923
0.04361019402612336
0.04815664464645862
0.05297907237316685
0.05807800189186332
0.0634530434158824
0.06910292833174478
0.07502555024962533
0.08121801048244957
0.08767666701216759
0.09439718605137126
0.10137459536940205
0.10860333862129021
0.11607732999238582
0.12379000854881572
0.1317343917617115
0.13990312774964422
0.1482885458573714
0.15688270525869077
0.16567744133605275
0.17466440964903668
0.1838351273575168
0.19318101201320081
0.20269341767526008
0.21236366834215498
0.2221830887227639
0.2321430323958943
0.2422349074285798
0.2524501995406718
0.2627804929165424
0.27321748877466423
0.2837530218128307
0.294379074651227
0.3050877903978293
0.3158714834610354
0.3267226487333276
0.337633969267419
0.3485983225629816
0.35960878557792575
0.3706586385734757
0.3817413678971414
0.3928506678022529
0.4039804413971252
0.4151248008112547
0.4262780666602949
0.43743476688598393
0.4485896350417555
0.459737608089492
0.47087382376781395
0.4819936175874558
0.49309251950467803
0.5041662503193131
0.515210717839945
0.5262220128548795
0.537196404943967
0.5481303381629968
0.5590204266292685
0.5698634500340722
0.5806563491051435
0.5913962210397116
0.6020803149265033
0.6127060271729976
0.6232708969523328
0.6337726016825368
0.6442089525491755
0.6545778900810792
0.6648774797874994
0.6751059078638719
0.6852614769722875
0.6953426021018093
0.7053478065129045
0.715275717769474
0.7251250638612637
0.7348946694188119
0.744583452022523
0.7541904186069617
0.7637146619610143
0.773155357324172
0.782511759078842
0.79178319753829
0.8009690758295466
0.8100688668703797
0.8190821104392321
0.8280084103368497
0.8368474316381779
0.8455988980329757
0.8542625892534943
0.8628383385874778
0.8713260304746737
0.8797255981849836
0.8880370215763439
0.8962603249303908
0.9043955748639465
0.9124428783143493
0.9204023805966461
0.9282742635306694
0.9360587436360308
0.9437560703930751
0.9513665245678612
0.9588904165992581
0.9663280850462693
0.9736798950937331
0.9809462371145733
0.9881275252868134
0.9952241962636006
1.0022367078945258
1.009165537996561
1.0160111831729786
1.0227741576786542
1.0294549923301968
1.0360542334593879
1.0425724419084557
1.0490101920657473
1.0553680709404047
1.0616466772746875
1.0678466206926285
1.0739685208837426
1.0800130068205536
1.085980716008734
1.0918722937686984
1.09768839254752
1.1034296712600795
1.10909679465839
1.1146904327280749
1.1202112601110084
1.125659955553163
1.1310372013767371
1.1363436829756695
1.141580088333674
1.1467471075639615
1.151845432469839
1.156875756125408
1.1618387724756076
1.1667351759548776
1.1715656611237357
1.1763309223225944
1.1810316533421619
1.1856685471097959
1.1902422953912002
1.1947535885068794
1.19920311506278
1.2035915616945756
1.207919612825065
1.2121879504341773
1.2163972538410903
1.2205481994979928
1.2246414607950307
1.2286777078760005
1.232657607464364
1.2365818226991765
1.2404510129805342
1.2442658338241621
1.2480269367247752
1.2517349690278605
1.2553905738095417
1.2589943897641969
1.2625470510995154
1.2660491874386897
1.2695014237294484
1.27290438015965
1.2762586720791647
1.2795649099277824
1.282823699168896
1.2860356402287154
1.2892013284407808
1.2923213539955476
1.2953963018948287
1.2984267519108827
1.3014132785499508
1.3043564510200438
1.3072568332027983
1.310114983629219
1.3129314554591363
1.3157067964642124
1.3184415490143369
1.321136250067256
1.3237914311612908
1.3264076184109976
1.3289853325056376
1.3315250887103212
1.3340273968697012
1.336492761414093
1.338921681367903
1.3413146503602549
1.3436721566377021
1.3459946830789251
1.348282707211311
1.35053670122932
1.3527571320145446
1.3549444611573758
1.357099144980185
1.3592216345619457
1.3613123757642096
1.3633718092583669
1.3654003705541127
1.3673984900290528
1.3693665929593803
1.371305099551558
1.3732144249749456
1.3750949793953093
1.3769471680091616
1.3787713910788713
1.380568043968493
1.3823375171802679
1.3840801963917417
1.38579646249346
1.3874866916271904
1.3891512552246341
1.3907905200465807
1.3924048482224713
1.3939945972903303
1.3955601202370298
1.3971017655388531
1.3986198772023235
1.4001147948052672
1.40158685353808
1.4030363842451687
1.4044637134665412
1.4058691634795153
1.4072530523405251
1.4086156939269991
1.4099573979792852
1.4112784701426044
1.41257921200901
1.413859921159331
1.4151208912050854
1.4163624118303395
1.4175847688335
1.418788244169021
1.4199731159890105
1.4211396586847225
1.4222881429279166
1.4234188357120794
1.4245320003934858
1.4256278967320963
1.4267067809322733
1.4277689056833085
1.4288145201997502
1.4298438702615206
1.4308571982538159
1.431854743206777
1.4328367408349272
1.4338034235763653
1.4347550206317095
1.4356917580027846
1.4366138585310466
1.437521541935738
1.4384150248517678
1.4392945208673158
1.440160240561149
1.4410123915396522
1.4418511784735641
1.4426768031344204
1.443489464430694
1.4442893584436354
1.445076678462806
1.445851615021304
1.4466143559306808
1.4473650863155432
1.448103988647844
1.448831242780855
1.4495470259828238
1.4502515129703122
1.4509448759412156
1.4516272846074623
1.4522989062273928
1.452959905637817
1.4536104452857521
1.4542506852598374
1.4548807833214292
1.4555008949353747
1.4561111733004637
1.4567117693795628
1.4573028319294279
1.4578845075301985
1.4584569406145749
1.4590202734966768
1.4595746464005876
1.4601201974885827
1.4606570628890443
1.4611853767240643
1.4617052711367364
1.4622168763181382
1.462720320534006
1.463215730151103
1.4637032296632833
1.4641829417172527
1.4646549871380294
1.4651194849541043
1.4655765524223048
1.466026305052364
1.4664688566311959
1.4669043192468787
1.4673328033123512
1.4677544175888202
1.4681692692088844
1.4685774636993751
1.4689791050039172
1.4693742955052107
1.4697631360470382
1.470145725955998
1.4705221630629657
1.4708925437242875
1.4712569628427066
1.4716155138880262
1.47196828891751
1.4723153785960232
1.4726568722159175
1.4729928577166607
1.4733234217042148
1.473648649470164
1.473968625010595
1.4742834310447341
1.4745931490333404
1.474897859196859
1.4751976405333376
1.475492570836108
1.4757827267112336
1.4760681835947282
1.4763490157695465
1.4766252963823479
1.47689709746004
1.4771644899260987
1.4774275436166724
1.4776863272964682
1.4779409086744266
1.4781913544191843
1.4784377301743277
1.4786801005734413
1.478918529254951
1.4791530788767657
1.4793838111307211
1.4796107867568236
1.4798340655573015
1.4800537064104635
1.4802697672843657
1.4804823052502913
1.4806913764960448
1.4808970363390612
1.4810993392393357
1.4812983388121723
1.4814940878407563
1.4816866382885516
1.4818760413115248
1.482062347270199
1.482245605741539
1.4824258655306692
1.4826031746824282
1.4827775804927597
1.4829491295199435
1.4831178675956687
1.4832838398359482
1.4834470906518824
1.4836076637602664
1.4837656021940493
1.483920948312644
1.48407374381209
1.4842240297350708
1.4843718464807905
1.4845172338147055
1.4846602308781205
1.484800876197645
1.4849392076945136
1.4850752626937738
1.4852090779333402
1.4853406895729193
1.4854701332028044
1.4855974438525439
1.485722655999484
### END
