### NP, NF, NT, dt
3 3 660 0.4
### promoter data
#   name
#   type, strength, number of genes
#   factor name
#   k, n
###
pA
1 1.5 1
A
0.8 3
pB
1 0.8 1
B
0.9 3
pC
0 1.2 1
C
0.75 3
### factor data
#   name
#   degeneration, copy rate, number of genes
#   initial value
#   input type, timing, strength
###
A
0.05 0.1 1
1.5
0 0.0 1.0
B
0.05 0.13 1
0.0
0 0.0 1.0
C
0.06 0.2 1
2.0
0 0.0 1.0
### input type
1
### input data
### factor:0
1.5
1.4727620449646595
1.446237025256448
1.4204215028773433
1.395311342124872
1.3709008856188711
1.3471821217385864
1.3241439447450551
1.3017716146566485
1.2800465034229054
1.2589461705574918
1.2384447573197983
1.21851363944288
1.1991222467162255
1.1802389483357305
1.1618319131141115
1.1438698761262396
1.1263227700690457
1.1091622042941853
1.0923617936478753
1.0758973519192594
1.0597469714642107
1.043891012796663
1.0283120271210668
1.0129946322120058
0.9979253586987185
0.9830924803274241
0.9684858385323041
0.9540966688346247
0.9399174342712869
0.9259416692171268
0.9121638355589942
0.8985791921377159
0.8851836776282119
0.8719738065151995
0.8589465774875554
0.8460993933733275
0.8334299916333777
0.8209363843963869
0.8086168070298088
0.7964696742840847
0.7844935431090981
0.772687081313834
0.7610490413164815
0.7495782383086227
0.738273532230963
0.7271338130275931
0.7161579887100592
0.7053449758211369
0.6946936919410477
0.6842030499261
0.673871953611652
0.6636992947482782
0.6536839509724918
0.6438247846417632
0.6341206423883109
0.6245703552676323
0.6151727393963586
0.6059265969901194
0.5968307177259888
0.5878838803660542
0.5790848545889338
0.5704324029849098
0.5619252831779223
0.5535622500441633
0.5453420580025677
0.5372634633572534
0.5293252266760153
0.5215261151924507
0.5138649052222407
0.5063403845866373
0.49895135503834537
0.49169663468681785
0.4845750604215352
0.4775854903331613
0.4707268061335923
0.4639979155768709
0.4573977548837495
0.4509252911733777
0.44457952490617547
0.4383594923424515
0.43226426802174966
0.4262929672682632
0.4204447487279573
0.41471881694329304
0.4091144249716534
0.40363087705373846
0.3982675313383294
0.39302380266991377
0.3878991654457261
0.38289315654877953
0.37800537836345177
0.37323550188013316
0.3685832698953455
0.36404850031359265
0.35963108955699824
0.35533101608852047
0.35114834405419404
0.3470832270494303
0.3431359120138935
0.33930674325885474
0.3355961666301872
0.3320047338092955
0.32853310675324815
0.32518206227418683
0.32195249675669985
0.3188454310102456
0.31586201525187296
0.31300353421238103
0.3102714123566658
0.3076672192062837
0.30519267474919565
0.30284965491820354
0.30064019711572676
0.29856650575825433
0.2966309578090156
0.29483610826211204
0.2931846955355095
0.2916796467238847
0.2903240826553216
0.28912132268825635
0.28807488917685226
0.2871885115241615
0.2864661297329998
0.28591189735445494
0.2855301837234128
0.28532557535947356
0.2853028764002364
0.28546710792226204
0.28582350599322015
0.2863775182869676
0.28713479908179523
0.28810120245106924
0.2892827734452738
0.2906857370553569
0.2923164847396697
0.2941815582910774
0.2962876308174523
0.2986414846082158
0.30124998566236566
0.30412005466001235
0.3072586341703517
0.3106726519046796
0.31436897984393963
0.3183543890967206
0.32263550037583827
0.32721873001975743
0.3321102315290878
0.3373158326380003
0.342840967995216
0.3486906075885765
0.3548691811102392
0.3613804985251818
0.36822766717270666
0.37541300579764547
0.3829379559735829
0.3908029914433163
0.3990075259608065
0.4075498202732537
0.4164268889313483
0.4256344076605285
0.4351666220673504
0.4450162584948283
0.455174437881734
0.46563059352711367
0.47637239371713147
0.48738567024164287
0.4986543539174634
0.5101604183484083
0.5218838332918787
0.5338025291691837
0.545892374450412
0.5581271678597081
0.5704786475747441
0.5829165198223873
0.5954085094842451
0.607920435499982
0.6204163139680763
0.6328584918641922
0.6452078141940796
0.6574238271350169
0.6694650192589187
0.681289102232376
0.6928533314181993
0.7041148655327182
0.7150311629341238
0.7255604102487846
0.735661976943239
0.7452968872257227
0.7544282984694114
0.7630219733911195
0.7710467317221408
0.7784748662996976
0.7852825085798464
0.7914499296455885
0.796961764876014
0.8018071534554004
0.8059797876239064
0.8094778707024711
0.8123039871118181
0.8144648914944669
0.8159712273291708
0.8168371878709539
0.8170801337324228
0.8167201819266752
0.8157797807981555
0.814283284126715
0.8122565359964355
0.809726475982843
0.8067207720274742
0.8032674862063318
0.7993947765889956
0.7951306366170022
0.7905026719534288
0.7855379135871532
0.7802626651062468
0.7747023814589815
0.768881576161138
0.7628237537432453
0.7565513642194714
0.7500857764623522
0.7434472675502873
0.7366550253890644
0.7297271621715086
0.7226807365128735
0.715531782370591
0.70829534311628
0.7009855093694207
0.6936154594223571
0.6861975012836586
0.6787431155411583
0.6712629983979065
0.6637671043652082
0.6562646882085769
0.6487643458367494
0.6412740539028214
0.6338012079519866
0.6263526590040946
0.6189347485029455
0.6115533415993939
0.6042138587632909
0.5969213057412008
0.5896803018937155
0.5824951069589229
0.5753696462979183
0.5683075346848009
0.5613120987079249
0.5543863978517026
0.5475332443293728
0.5407552217371521
0.5340547025993386
0.5274338648724415
0.5208947074744344
0.5144390649029229
0.508068621003466
0.5017849219466138
0.4955893884694588
0.48948332743472245
0.4834679427576436
0.47754434574823
0.47171356491380767
0.46597655526426673
0.46033420715996975
0.45478735473996196
0.44933678396590965
0.4439832403150895
0.438727436153756
0.4335700578203223
0.42851177244599836
0.4235532345388253
0.41869509235542934
0.41393799408327103
0.40928259385468874
0.40472955761261015
0.40027956884642574
0.39593333421517307
0.3916915890738551
0.38755510291740264
0.383524684755472
0.37960118842993557
0.37578551788555853
0.37207863240294575
0.3684815518013727
0.36499536161756935
0.36162121826488636
0.3583603541755236
0.35521408292662254
0.35218380434899776
0.3492710096150881
0.3464772863003262
0.34380432340953326
0.34125391635712504
0.3388279718868417
0.33652851291336877
0.33435768326457765
0.33231775229916316
0.33041111937017115
0.3286403181002806
0.3270080204297114
0.32551704039226753
0.3241703375692864
0.322971020165149
0.32192234764152283
0.3210277328406706
0.32029074352099146
0.3197151032205034
0.3193046913562725
0.3190635424599165
0.31899584444133156
0.3191059357648163
0.31939830141391423
0.319877567513706
0.3205484944721194
0.3214159684952819
0.3224849913262214
0.3237606680515699
0.32524819281759787
0.32695283229518124
0.32887990673347883
0.33103476844448015
0.3334227775654872
0.33604927495433007
0.33891955208298563
0.3420388178095508
0.3454121619264563
0.3490445154045967
0.35294060727882814
0.3571049181501146
0.3615416303134645
0.36625457455858074
0.37124717373163363
0.3765223831914551
0.3820826283413399
0.38792973946805276
0.3940648841720497
0.4004884977267814
0.40720021175972754
0.41419878170306146
0.4214820135172305
0.42904669024611336
0.43688849901785876
0.44500195916137886
0.4533803521653977
0.4620156542658692
0.4708984725096226
0.4800179852085483
0.48936188777077144
0.4989163449741033
0.508665950833186
0.5185936973049141
0.5286809531756089
0.5389074545752455
0.549251308664272
0.5596890121306538
0.5701954862100029
0.5807441299890121
0.5913068937587388
0.6018543741344393
0.6123559325360032
0.6227798384100642
0.633093438254222
0.6432633510596263
0.6532556902079589
0.6630363111358254
0.6725710832155526
0.6818261833099071
0.690768407367559
0.6993654952814772
0.7075864630968365
0.7154019356075627
0.7227844715119822
0.7297088727026028
0.7361524690305916
0.742095370081119
0.7475206761601787
0.7524146418260567
0.7567667868543839
0.7605699514168539
0.7638202943568974
0.7665172356149806
0.7686633459394403
0.7702641888742591
0.7713281215269946
0.7718660617088376
0.7718912296670268
0.7714188728016025
0.7704659815138449
0.7690510037400362
0.7671935648653649
0.7649141986789166
0.7622340939087239
0.7591748597427528
0.7557583126600399
0.7520062859122073
0.7479404621393039
0.7435822288907487
0.738952556255342
0.7340718953778426
0.7289600963410366
0.7236363437052206
0.7181191079035144
0.7124261106732044
0.706574302743201
0.7005798520802372
0.6944581411083014
0.6882237714459104
0.6818905748452935
0.6754716291594689
0.6689792783024332
0.6624251553005983
0.655820207657795
0.6491747243701657
0.6424983640304055
0.6358001835529479
0.6290886671330931
0.6223717551242978
0.6156568725795869
0.608950957256137
0.6022604869273556
0.5955915058851029
0.5889496505468806
0.5823401741096205
0.5757679702138582
0.5692375956002106
0.5627532917547762
0.5563190055518537
0.5499384089116842
0.5436149174981504
0.537351708486864
0.5311517374381317
0.5250177543121567
0.5189523186657288
0.512957814070764
0.5070364617955189
0.5011903337892643
0.49542136501076095
0.48973136514012283
0.4841220297126609
0.47859495071212743
0.47315162665947996
0.46779347223189127
0.46252182744528436
0.45733796643218566
0.452243105845194
0.4472384129148626
0.4423250131893033
0.43750399798134837
0.4327764315476528
0.4281433580226865
0.42360580812915594
0.419164805684998
0.4148213739257097
0.41057654165940477
0.40643134927061386
0.40238685458747053
0.3984441386255271
0.3946043112200281
0.3908685165570118
0.38723793861210787
0.3837138065043355
0.3802973997705723
0.37699005356463927
0.3737931637831258
0.37070819211813794
0.3677366710350823
0.3648802086713805
0.3621404936496254
0.3595192997961292
0.35701849075305453
0.3546400244693496
0.35238595755250773
0.3502584494597324
0.34825976650339097
0.34639228564167673
0.3446584980211583
0.3430610122333747
0.34160255724282673
0.34028598493862783
0.3391142722567148
0.3380905228138971
0.3372179679891627
0.33649996738159255
0.33594000856800293
0.3355417060770879
0.3353087994904395
0.3352451505744598
0.3353547393409361
0.33564165892804904
0.3361101091879387
0.3367643888618216
0.337608886219189
0.3386480680340104
0.3398864667683088
0.3413286658321877
0.3429792827895919
0.34484295038102486
0.34692429523835483
0.34922791417297744
0.35175834792719624
0.35452005228996264
0.3575173664922955
0.36075447881495093
0.3642353893613818
0.367963869972806
0.37194342128934293
0.3761772269916531
0.38066810529125833
0.3854184577745737
0.39043021574545267
0.39570478425346284
0.4012429840398731
0.4070449916801138
0.4131102782499342
0.4194375468923148
0.4260246697131448
0.4328686244855518
0.4399654316955201
0.4473100925150863
0.4548965283441537
0.4627175226181144
0.47076466563639696
0.4790283032271807
0.48749749012616556
0.4961599490126077
0.5050020362135974
0.5140087151570135
0.5231635387232263
0.5324486417129809
0.5418447447103644
0.5513311706704217
0.5608858755945106
0.5704854946650881
0.5801054051861706
0.5897198076059059
0.5993018257724512
0.6088236273823326
0.6182565653108524
0.627571340157595
0.6367381838901403
0.6457270639234238
0.6545079063344592
0.6630508361936313
0.6713264322149335
0.6793059921189839
0.6869618043053617
0.6942674206949255
0.7011979249850165
0.7077301901198012
0.7138431185699959
0.7195178590863164
0.7247379939680076
0.7294896915782935
0.7337618198233585
0.7375460175451444
0.7408367221919775
0.74363115363862
0.745929255533517
0.7477335969612009
0.7490492384374793
0.7498835672375798
0.7502461077495338
0.7501483129288901
0.7496033430131005
0.7486258374624938
0.7472316856733678
0.7454378014108956
0.7432619051924106
0.7407223180707817
0.7378377694727997
0.7346272209801701
0.7311097072324144
0.7273041945033974
0.7232294569687558
0.7189039702447516
0.7143458214382862
0.7095726346966262
0.7046015110744427
0.699448981433968
0.6941309710497923
0.6886627745916178
0.6830590401955646
0.6773337613978826
0.6715002757860553
0.6655712693144687
0.6595587853296171
0.6534742374489448
0.6473284255346771
0.6411315540970579
0.6348932525487359
0.6286225968126428
0.6223281318591193
0.6160178948141
0.6096994383390155
0.603379854035002
0.5970657956694548
0.590763502062428
0.5844788195043981
0.5782172236060189
0.5719838405052373
0.5657834673780096
0.559620592216347
0.5534994128519505
0.5474238552156666
0.5413975908327773
0.5354240535620249
0.5295064555925658
0.5236478027179767
0.517850908910229
0.5121184102193767
0.5064527780267365
0.500856331680713
0.49533125054524596
0.4898795854912449
0.4845032698613921
0.47920412993843015
0.4739838949465456
0.4688442066147756
0.4637866283305363
0.45881265391043025
0.45392371601446696
0.4491211942287416
0.4444064228404805
0.4397806983281912
0.43524528658845485
0.43080142991967935
0.4264503537818937
0.4221932733504072
0.41803139987988375
0.4139659468940875
0.4099981362152328
0.40612920384552265
0.4023604057120684
0.39869302328494827
0.39512836907667315
0.39166779202977103
0.38831268279757425
0.3850644789215734
0.3819246699068891
0.37889480219548344
0.3759764840346826
0.3731713902363924
0.37048126682004695
0.3679079355298257
0.365453298213989
0.3631193410513065
0.36090813860647475
0.35882185769312436
0.35686276101950204
0.3550332105881604
0.353335670817004
0.3517727113448136
0.3503470094799079
0.3490613522459098
0.34791863797366934
0.34692187738328323
0.34607419409485884
0.3453788245012377
0.3448391169303587
0.34445853001936044
0.34424063021695667
### factor:1
0.0
0.06680575371627862
0.13178524004015824
0.1949590604289687
0.2563479070902907
0.3159726475010861
0.37385438352216294
0.4300144786456825
0.484474549700785
0.5372564231847323
0.5883820605234963
0.6378734600989223
0.6857525460873961
0.7320410547186496
0.7767604276117502
0.819931719828224
0.861575527767214
0.9017119395213207
0.940360508161058
0.9775402467895252
1.0132696431319896
1.04756669083213
1.0804489344108457
1.1119335248916438
1.142037283309077
1.170776769615728
1.1981683548334476
1.2242282946201222
1.2489728027234175
1.272418123057775
1.2945805993676807
1.315476741630477
1.3351232885097377
1.353537265300503
1.3707360369156463
1.3867373555532116
1.401559402761955
1.4152208256901553
1.4277407673638398
1.4391388908970761
1.4494353975904817
1.4586510389255833
1.4668071225127197
1.4739255120990131
1.4800286217904757
1.485139404688245
1.4892813361828519
1.4924783921917422
1.4947550226634452
1.496136120706221
1.4966469877291897
1.4963132950093683
1.4951610421183401
1.493216512657178
1.490506227757571
1.4870568978108287
1.4828953728846277
1.478048592280227
1.4725435336706967
1.466407162243871
1.4596663802527166
1.4523479773511354
1.4444785820654569
1.4360846147216162
1.4271922421158865
1.417827334183609
1.4080154228862518
1.3977816635028641
1.3871507984780918
1.3761471239458352
1.3647944590157837
1.3531161178797722
1.3411348847664883
1.3288729917467212
1.316352099367255
1.3035932800698007
1.2906170043320582
1.2774431294511635
1.2640908908753348
1.25057889597746
1.2369251201545488
1.22314690512931
1.2092609593244568
1.1952833601765538
1.1812295582541368
1.1671143830442947
1.1529520502727457
1.1387561706244949
1.1245397597352802
1.110315249328043
1.0960944993734456
1.081888811158891
1.0677089411564331
1.0535651155863004
1.0394670455793895
1.0254239428489307
1.011444535788498
0.9975370859205834
0.9837094046270032
0.9699688700994183
0.9563224444551961
0.9427766909706792
0.9293377913906499
0.9160115632793652
0.9028034773849863
0.889718674995537
0.8767619852707006
0.8639379425398218
0.8512508035624241
0.8387045647534113
0.826302979380909
0.8140495747504456
0.8019476693948945
0.7900003902953296
0.7782106901637065
0.7665813648241017
0.7551150707351454
0.7438143427022825
0.7326816118346223
0.7217192238073823
0.7109294574973106
0.700314544064963
0.6898766865642959
0.6796180801666686
0.6695409330929568
0.6596474883539762
0.649940046405654
0.6404209888312077
0.631092803167758
0.6219581089990236
0.613019685438676
0.6042805001300976
0.5957437398871682
0.5874128430966257
0.579291533994727
0.5713838589184578
0.563694224613314
0.5562274386544869
0.5489887520047158
0.5419839036885884
0.535219167507971
0.5287014006547449
0.5224380939932589
0.5164374236840512
0.5107083037007456
0.5052604386521566
0.5001043761605808
0.49525155786470887
0.4907143679122526
0.48650617758518033
0.4826413844629843
0.47913544428223415
0.47600489340175084
0.4732673595426843
0.4709415582551327
0.46904727238421656
0.46760531168806896
0.4666374497197537
0.46616633514796907
0.46621537488112597
0.46680858669818165
0.46797041959606656
0.46972554075015843
0.4720985888547128
0.4751138946566228
0.4787951706967059
0.48316517359088756
0.48824534356637733
0.4940554273477687
0.500613091785723
0.5079335367502418
0.5160291166845242
0.5249089807539318
0.5345787416624136
0.5450401829031182
0.5562910134466336
0.5683246776674857
0.5811302267182233
0.594692255661768
0.6089909085717761
0.6240019516276067
0.6396969120895302
0.6560432790586977
0.6730047602058171
0.6905415872681819
0.7086108621126006
0.7271669345566218
0.7461618029181663
0.76554552838646
0.7852666547207584
0.8052726254249143
0.8255101913514897
0.8459258025998524
0.8664659795383673
0.8870776587616575
0.9077085107602357
0.9283072270101218
0.9488237750686541
0.9692096210773609
0.9894179198129993
1.009403673084169
1.0291238578347197
1.0485375257796015
1.0676058767594898
1.086292308256543
1.1045624436679053
1.1223841419928835
1.1397274915643105
1.1565647903572809
1.1728705152535577
1.1886212824423679
1.2037958009124086
1.2183748207487983
1.2323410777038213
1.2456792352709196
1.2583758252647148
1.27041918770102
1.2817994105832207
1.292508270036812
1.302539171092854
1.3118870893031815
1.3205485132742736
1.3285213881311029
1.3358050598651612
1.3424002204801155
1.348308853822093
1.3535341819673692
1.358080612036257
1.3619536833064347
1.3651600145100993
1.3677072512156485
1.3696040132146925
1.3708598418578335
1.3714851473067464
1.3714911556947031
1.370889856211983
1.3696939481559367
1.3679167880072363
1.3655723366136017
1.3626751065797027
1.3592401099767195
1.3552828064970612
1.3508190521888903
1.3458650489113795
1.3404372946550824
1.3345525348725513
1.3282277149625266
1.3214799340468775
1.3143264001731882
1.3067843870677416
1.298871192553904
1.2906040987398446
1.2820003340673989
1.273077037301002
1.2638512235222097
1.254339752181666
1.2445592972466917
1.2345263194691547
1.2242570407851536
1.2137674208454428
1.2030731356636026
1.1921895583578235
1.1811317419519132
1.1699144041918361
1.1585519143257752
1.1470582817884187
1.1354471467239144
1.1237317722766935
1.1119250385751274
1.1000394383297165
1.0880870739651598
1.0760796562041897
1.0640285040204072
1.051944545877461
1.039838322172723
1.0277199888050523
1.015599321788254
1.0034857228343552
0.9913882258337934
0.9793155041629698
0.9672758787533233
0.9552773268600664
0.9433274914729571
0.9314336913159194
0.9196029313869211
0.9078419139942588
0.8961570502502366
0.8845544719881518
0.8730400440734859
0.8616193770852276
0.8502978403483198
0.8390805753032988
0.8279725092042894
0.8169783691416085
0.806102696390316
0.7953498610911219
0.7847240772751016
0.7742294182486744
0.7638698323602532
0.7536491591748384
0.7435711460875942
0.7336394654120555
0.7238577319830279
0.714229521318391
0.7047583883878091
0.6954478870397014
0.6863015901405787
0.6773231104828723
0.6685161225184613
0.6598843849750171
0.6514317644107579
0.6431622597599063
0.635080027915703
0.6271894103897985
0.619494961075732
0.6120014751294346
0.6047140189606444
0.5976379613050845
0.5907790053174998
0.5841432215893663
0.5777370819514829
0.5715674938699103
0.5656418351830838
0.5599679888577341
0.5545543773610133
0.5494099961556768
0.5445444457244483
0.5399679614193212
0.5356914403127069
0.5317264641019063
0.5280853169891321
0.5247809973300376
0.5218272217193628
0.51923842006907
0.5170297201396735
0.5152169199180585
0.5138164462047081
0.5128452977904869
0.5123209716788981
0.5122613709547351
0.5126846931239597
0.5136092980601641
0.5150535550948282
0.5170356692823296
0.5195734874516936
0.5226842853146662
0.5263845376163915
0.5306896740664423
0.5356138245432848
0.5411695577881297
0.5473676184544246
0.5542166679155868
0.5617230346161706
0.5698904799455808
0.5787199855918846
0.5882095680804588
0.598354125715606
0.6091453224347668
0.6205715121808082
0.6326177063373231
0.6452655856044986
0.6584935564751547
0.6722768512606078
0.6865876694705842
0.7013953573206927
0.7166666212655534
0.7323657707642527
0.7484549849931345
0.7648945979323414
0.7816433961591209
0.7986589237659931
0.8158977890624849
0.8333159680887139
0.8508691004398814
0.8685127734454949
0.8862027913404699
0.9038954266841506
0.92154765190735
0.9391173494788958
0.9565634997664423
0.9738463462083173
0.990927537903043
1.0077702501524255
1.0243392838567908
1.040601144953771
1.0565241053144308
1.0720782466644723
1.0872354891881217
1.1019696065043425
1.1162562286869337
1.1300728349404243
1.1433987374513304
1.1562150578180277
1.1685046973303526
1.1802523022293658
1.191444224934744
1.202068482087117
1.2121147101193492
1.221574118947173
1.2304394442577276
1.2387048987755414
1.2463661227998084
1.2534201342343512
1.2598652782719177
1.2657011768466333
1.2709286779314939
1.2755498047306058
1.2795677047972431
1.2829865990974996
1.2858117310341608
1.2880493154452903
1.289706487595839
1.290791252187387
1.291312432420022
1.2912796191505629
1.2907031202021706
1.2895939098912537
1.287963578847978
1.2858242842162229
1.2831887003271643
1.2800699699475644
1.2764816562091406
1.2724376953289598
1.2679523502326229
1.2630401651920633
1.2577159215881484
1.2519945949050195
1.2458913130583709
1.2394213161537888
1.2325999177640172
1.2254424678057672
1.2179643170876235
1.2101807835909164
1.2021071205353029
1.1937584862704154
1.185149916024464
1.1762962955302698
1.1672123365390128
1.1579125542221231
1.148411246452339
1.1387224749460976
1.128860048241191
1.1188375064760754
1.1086681079304002
1.0983648172802778
1.0879402955165371
1.077406891469719
1.0667766348818626
1.0560612309621833
1.0452720563615376
1.0344201564990698
1.0235162441736054
1.0125706993921628
1.001593570348342
0.9905945754842874
0.9795831065713488
0.9685682327464523
0.9575587054434763
0.9465629641615816
0.9355891430154144
0.924645078015352
0.9137383150294537
0.9028761183824819
0.8920654800512351
0.8813131294194565
0.8706255435597265
0.8600089580139796
0.8494693780485953
0.8390125903643695
0.8286441752460537
0.8183695191405485
0.808193827657213
0.7981221389881068
0.7881593377502644
0.7783101692563162
0.7685792542238561
0.7589711039378949
0.7494901358844837
0.7401406898770766
0.7309270447003806
0.7218534352992176
0.7129240705422156
0.7041431515918344
0.6955148909131843
0.6870435319541532
0.6787333695283337
0.670588770929916
0.6626141978058409
0.6548142288047933
0.6471935830147382
0.639757144190295
0.6325099857579015
0.6254573965699904
0.6186049073588185
0.6119583178156401
0.6055237241910885
0.5993075472773938
0.5933165605919534
0.5875579185343038
0.5820391842344096
0.5767683567491414
0.5717538971958601
0.567004753337379
0.5625303820518247
0.5583407690350327
0.554446444993588
0.5508584974955348
0.5475885775558814
0.5446488999488163
0.5420522361623253
0.53981189884874
0.5379417165825211
0.5364559977208057
0.5353694821799161
0.5346972799993542
0.5344547956708157
0.5346576373698488
0.5353215104471347
0.5364620948182907
0.5380949062364134
0.5402351418378559
0.5428975108128045
0.5460960515576841
0.5498439372014641
0.5541532719434528
0.5590348811732655
0.5644980988384987
0.5705505559548556
0.5771979744897076
0.5844439710679973
0.5922898750276813
0.6007345652751971
0.6097743301519976
0.6194027541220594
0.6296106345378181
0.6403859310576273
0.651713749499073
0.6635763610530673
0.6759532568913822
0.6888212373142908
0.7021545337430181
0.7159249610976731
0.7301020974432044
0.7446534872543429
0.7595448642581138
0.7747403895639886
0.7902029006845199
0.8058941670746439
0.8217751479623373
0.8378062484903662
0.8539475705200358
0.8701591548440778
0.8864012119982823
0.9026343393322664
0.9188197224822563
0.9349193198678457
0.9508960292970662
0.9667138361982452
0.9823379433935764
0.9977348826806842
1.012872608789571
1.0277205765302149
1.042249802139978
1.056432909981112
1.0702441658300172
1.0836594980459835
1.0966565079134287
1.1092144704243494
1.12131432671329
1.1329386692820542
1.1440717210617077
1.1546993092606943
1.1648088348449692
1.1743892383929835
1.1834309629684339
1.1919259145594383
1.1998674205459898
1.2072501865793908
1.214070252188485
1.2203249453681086
1.2260128363550946
1.2311336907559736
1.2356884221575948
1.23967904432647
1.2431086230839044
1.245981227931029
1.2483018834898258
1.2500765208222626
1.2513119286889385
1.2520157048104075
1.2521962071979116
1.2518625056249886
1.2510243333167876
1.2496920389394393
1.2478765389771003
1.2455892705889973
1.2428421450426628
1.23964750182241
1.2360180635137796
1.23196689156514
1.2275073430267958
1.2226530283658663
1.2174177704518743
1.2118155648035196
1.2058605411815992
1.199566926606581
1.192949009872095
1.1860211076176974
1.1787975320158433
1.1712925601192175
1.1635204049055619
1.1554951880480466
1.1472309144301789
1.138741448415357
1.1300404918725682
1.1211415639514768
1.112057982592362
1.1028028477490783
1.0933890262965211
1.0838291385879886
1.0741355466223985
1.0643203437765505
1.0543953460535282
1.0443720847949183
1.0342618008017666
1.0240754398070846
1.0138236492412365
1.0035167762306467
0.9931648667699527
0.9827776660079259
0.9723646195881908
0.9619348759869215
0.9514972897912668
0.941060425864199
0.9306325643437685
0.9202217064273313
0.9098355808941697
0.8994816513230122
0.8891671239642395
0.8788989562300231
0.8686838657692301
0.858528340097636
0.8484386467577828
0.8384208439866654
0.8284807918733258
0.8186241639923278
0.8088564595029731
0.7991830157079595
0.7896090210689523
0.7801395286802054
0.7707794702048888
0.7615336702821144
0.7524068614157536
0.7434036993589396
0.7345287790105844
0.725786650842231
0.7171818378749995
0.7087188532271729
0.700402218252959
0.6922364812920084
### factor:2
2.0
1.9525779814589275
1.9063685529985974
1.8615520004590091
1.818408389811013
1.7772796164517048
1.738528530484411
1.7024990926700774
1.669482453672262
1.6396930127513598
1.6132563933778896
1.5902088104871444
1.5705053929182526
1.554034127980471
1.5406321732135044
1.5301019828313571
1.5222256170074469
1.5167764451800447
1.5135280781759894
1.5122607468872613
1.512765530795933
1.5148468905549854
1.5183239318789221
1.523030764711658
1.5288162481338812
1.5355433419268283
1.5430882263962198
1.5513393046274577
1.5601961650755072
1.5695685555920837
1.5793754007377485
1.589543880740137
1.6000085812504303
1.6107107169371662
1.6215974280393923
1.6326211466126217
1.6437390278565258
1.6549124412670586
1.6661065161645874
1.6772897362450725
1.688433578068168
1.699512188756842
1.7105020985866395
1.721381964556193
1.7321323414336713
1.7427354771546368
1.7531751297989489
1.7634364036952839
1.7735056024912252
1.783370097285817
1.793018208151913
1.8024390975798879
1.8116226745548196
1.8205595081385348
1.8292407495682999
1.837658062007613
1.845803557193499
1.8536697383207028
1.8612494485878301
1.8685358249051598
1.875522256329819
1.8822023468522908
1.8885698822097643
1.8946188004474245
1.9003431659890737
1.9057371470140732
1.9107949959689559
1.9155110330696001
1.9198796326738965
1.923895212425654
1.9275522250882926
1.9308451530018165
1.933768505108802
1.936316816504725
1.938484650474999
1.940266602985611
1.9416573095962708
1.9426514547645501
1.943243783506591
1.9434291153746448
1.9432023607039774
1.9425585390716118
1.9414927998970348
1.9400004451004822
1.938076953717874
1.935718008353076
1.932919523328152
1.9296776743709012
1.9259889296566088
1.9218500819979123
1.917258281953476
1.9122110716032283
1.9067064187157776
1.9007427510128538
1.89431899021679
1.8874345855507706
1.880089546348415
1.8722844734198187
1.8640205888159518
1.8552997636328368
1.8461245435015496
1.8364981714201596
1.8264246075994255
1.8159085460154802
1.8049554273898012
1.793571448349285
1.7817635665568652
1.7695395016453448
1.7569077318333433
1.7438774861517143
1.7304587322606433
1.716662159890925
1.7024991599966877
1.6879817997600097
1.6731227936395
1.6579354707039473
1.6424337385377104
1.6266320440457458
1.6105453315223757
1.594188998378459
1.5775788489461493
1.5607310467985942
1.543662066033665
1.5263886419761354
1.5089277217518626
1.4912964151808112
1.4735119464236643
1.4555916067998782
1.4375527091740181
1.4194125442828047
1.4011883393482683
1.382897219293573
1.3645561708482143
1.3461820097992139
1.327791351615375
1.3094005856433495
1.291025853047826
1.2726830286441966
1.254387706751103
1.2361551911727462
1.218000489407142
1.1999383111668998
1.1819830712938124
1.1641488971476428
1.146449640553028
1.128898894396237
1.1115100139753495
1.094296143222825
1.077270245937677
1.0604451421845755
1.0438335500377511
1.0274481328666845
1.0113015523757036
0.9954065276174952
0.9797759001969163
0.9644227058610536
0.9493602526275775
0.9346022055280693
0.9201626779266266
0.9060563292057088
0.8922984683786299
0.8789051628783331
0.8658933513720387
0.8532809589492905
0.8410870124180618
0.8293317527166292
0.8180367406130307
0.8072249509363832
0.7969208495984313
0.7871504466726827
0.7779413178786382
0.769322586070728
0.7613248538795949
0.7539800786390034
0.7473213813038098
0.7413827823627975
0.7361988598834105
0.7318043278452402
0.7282335367938008
0.725519903437917
0.7236952808666152
0.7227892862030737
0.7228286072804847
0.7238363138073484
0.7258312009937886
0.7288271943309682
0.7328328429063362
0.7378509252632592
0.7438781865736844
0.7509052192059205
0.75891649122482
0.7678905196376656
0.7778001779736846
0.7886131216468505
0.8002923099312932
0.8127966005108427
0.8260813914819201
0.8400992862474392
0.8548007586608529
0.870134798707739
0.8860495225665356
0.90249273471011
0.9194124334887435
0.9367572551368752
0.9544768542108648
0.9725222210049167
0.9908459384794123
1.0094023826886953
1.0281478716640282
1.0470407682606169
1.0660415426916152
1.0851128004228279
1.104219280859608
1.1233278318834357
1.1424073648408053
1.1614287940918606
1.1803649647214969
1.199190571523737
1.2178820719062287
1.2364175949351863
1.2547768483570256
1.2729410250930784
1.290892710407522
1.308615790693883
1.3260953646090363
1.3433176571019025
1.3602699367331748
1.3769404365586126
1.393318278748058
1.4093934030320108
1.425156499004307
1.4405989422604388
1.455712734313984
1.4704904462063881
1.4849251657062024
1.4990104479812976
1.512740269620292
1.526108985876342
1.5391112910066784
1.5517421815840642
1.563996922661076
1.5758710166742766
1.5873601749825035
1.598460291941311
1.6091674214237794
1.6194777557061986
1.6293876066453419
1.638893389082013
1.6479916064131075
1.6566788382814752
1.6649517303392765
1.6728069860462043
1.6802413604688007
1.687251656051052
1.6938347203294244
1.6999874455674382
1.7057067702857005
1.7109896826629782
1.7158332257823419
1.7202345046936054
1.7241906952592048
1.7276990547452766
1.7307569341130258
1.7333617919575184
1.7355112100318442
1.737202910284225
1.7384347733241814
1.7392048582214321
1.7395114235279174
1.7393529493993967
1.738728160678659
1.7376360507877495
1.736075906261993
1.734047331744311
1.7315502752446437
1.7285850534565743
1.7251523769118213
1.7212533747434666
1.7168896188209768
1.7120631470145617
1.706776485343531
1.7010326687633113
1.6948352603489354
1.6881883686392734
1.681096662916195
1.6735653862062785
1.6656003658096017
1.6572080211804916
1.6483953690086737
1.6391700253758272
1.6295402048917684
1.6195147167459667
1.6091029576433797
1.5983149016281504
1.587161086833999
1.5756525992355672
1.563801053509942
1.5516185711515105
1.53911775601561
1.526311667496589
1.5132137915734294
1.4998380099805444
1.4861985677824594
1.4723100396484925
1.4581872951371522
1.4438454633096478
1.429299896997688
1.4145661370527134
1.3996598769020625
1.384596927732543
1.369393184613814
1.354064593863237
1.3386271219408477
1.323096726148294
1.307489327389417
1.2918207852331214
1.2761068755017182
1.2603632705904886
1.2446055227071997
1.2288490502040794
1.2131091271596168
1.1974008763537574
1.181739265767744
1.1661391087291044
1.150615067813048
1.1351816626036446
1.1198532814113047
1.1046441970367609
1.089568586665277
1.0746405559672407
1.0598741674714105
1.0452834732633234
1.0308825520418305
1.0166855505390242
1.0027067292701723
0.9889605125273603
0.9754615424595541
0.9622247369884817
0.9492653511894366
0.9365990416139984
0.9242419328429526
0.9122106853280701
0.9005225633075837
0.8891955012606451
0.8782481670019318
0.8677000191138514
0.857571355980439
0.8478833532403688
0.8386580860402896
0.8299185320761163
0.8216885510998277
0.8139928363916465
0.806856833707375
0.8003066234660832
0.7943687624999118
0.7890700825918456
0.7844374443077846
0.7804974462885516
0.7772760921732289
0.7747984196039188
0.7730880981964655
0.7721670057938514
0.7720547945593156
0.7727684603095698
0.7743219297354617
0.7767256806391044
0.7799864099184801
0.7841067627126852
0.7890851339288195
0.7949155504365171
0.8015876387442893
0.8090866792216699
0.8173937441842856
0.8264859136883987
0.8363365599220173
0.8469156888053512
0.858190325924282
0.8701249332401434
0.8826818431015101
0.8958216968275498
0.9095038763994974
0.9236869194308898
0.9383289094319969
0.9533878352967161
0.9688219158014711
0.9845898866238714
1.00065124890161
1.016966479623971
1.033497205167158
1.0502063400563981
1.0670581935813916
1.0840185472343533
1.1010547061130205
1.1181355274669202
1.135231429494916
1.1523143833537475
1.1693578911354217
1.1863369523363172
1.2032280210892035
1.2200089561737908
1.2366589655713784
1.2531585470913598
1.2694894263761578
1.2856344933891846
1.3015777383088116
1.317304187590258
1.3327998408161161
1.3480516088338699
1.3630472535737783
1.3777753298513393
1.3922251293835637
1.4063866271858743
1.4202504304650292
1.4338077300816205
1.4470502546220692
1.459970227093436
1.4725603242337053
1.4848136384145243
1.4967236421018666
1.5082841548319765
1.5194893126546385
1.5303335399927218
1.540811523865621
1.5509181904242235
1.5606486837460407
1.5699983468408378
1.5789627048192132
1.5875374501788992
1.595718430165879
1.603501636169563
1.6108831951131002
1.617859362801289
1.6244265191893692
1.6305811655361444
1.6363199234043042
1.6416395354694284
1.6465368680968993
1.651008915642782
1.655052806430642
1.6586658103512153
1.661845348025877
1.6645890014679459
1.6668945261680972
1.6687598645215767
1.6701831605056017
1.6711627755054201
1.6716973051770825
1.671785597224243
1.671426769955399
1.6706202314771048
1.6693656993680712
1.66766322066892
1.6655131920129307
1.6629163797146738
1.6598739396261948
1.656387436564684
1.6524588631115515
1.6480906575807897
1.6432857209546265
1.6380474325869636
1.6323796644800659
1.6262867939475756
1.6197737144871678
1.6128458446990999
1.6055091351024582
1.5977700727189696
1.5896356833146692
1.581113531212264
1.5722117166114418
1.562938870380318
1.5533041463083215
1.5433172108387099
1.5329882303271256
1.5223278559007494
1.5113472060202093
1.5000578468730463
1.4884717707528015
1.4766013726012872
1.4644594249130034
1.4520590512196547
1.4394136983890768
1.4265371079864224
1.4134432869560567
1.4001464778902388
1.3866611291553221
1.3730018651479783
1.359183456952974
1.3452207936704876
1.3311288546750972
1.3169226830606442
1.3026173605155105
1.2882279838617257
1.2737696434790893
1.2592574038224553
1.2447062862267997
1.2301312541809393
1.2155472012370525
1.2009689417096432
1.1864112043044388
1.1718886288049715
1.1574157659322375
1.1430070804807304
1.128676957822057
1.1144397138548845
1.1003096084665904
1.0863008625569681
1.0724276786567615
1.0587042651524927
1.045144864102612
1.0317637825967456
1.0185754275678038
1.0055943439136679
0.9928352557186311
0.9803131102819901
0.9680431245593574
0.9560408334985785
0.9443221396040167
0.9329033628883426
0.921801290168669
0.9110332224340697
0.900617018756338
0.8905711349399323
0.8809146548183767
0.8716673118148125
0.8628494981103473
0.854482258526649
0.8465872660551153
0.8391867758845322
0.8323035548262296
0.8259607832452122
0.8201819270105952
0.8149905776060898
0.810410259408024
0.8064642042459247
0.8031750946904442
0.8005647790232249
0.7986539624656254
0.7974618808862199
0.7970059647587795
0.7973015024791491
0.7983613131461725
0.8001954394560297
0.8028108713646714
0.806211310591681
0.8103969848706127
0.8153645191466319
0.8211068687817875
0.8276133173911178
0.8348695393646843
0.8428577246061106
0.8515567607028464
0.8609424657777639
0.8709878637591988
0.8816634928065679
0.8929377371553686
0.904777172671552
0.9171469168704098
0.9300109749754795
0.9433325746725154
0.9570744834541666
0.971199303760803
0.9856697424224973
1.000448852133016
1.0155002437926437
1.0307882695134052
1.0462781768733898
1.06193623563446
1.0777298386071403
1.0936275786720453
1.109599304166946
1.1256161549424868
1.1416505813978084
1.1576763487490813
1.1736685286765152
1.1896034803539153
1.205458822701961
1.2212133995324053
1.2368472390734255
1.2523415091924928
1.267678469466801
1.2828414210954842
1.2978146555044099
1.3125834023642293
1.32713377762584
1.3414527320742584
1.3555280008115225
1.3693480540008194
1.3829020491366242
1.3961797850482025
1.4091716577953541
1.421868618574717
1.4342621337213735
1.4463441468629699
1.4581070432612555
1.4695436163581204
1.48064703652915
1.491410822036847
1.5018288121674142
1.5118951425289031
1.5216042224841604
1.5309507146889962
1.5399295167040232
1.5485357446473784
1.5567647188548146
1.5646119515131929
1.5720731362330482
1.5791441395254653
1.5858209941478436
1.5920998942821427
1.597977192507745
1.6034493985291027
1.6085131796157435
1.6131653627089637
1.6174029381455874
1.6212230649444919
1.624623077596201
1.6276004942897209
1.6301530265039859
1.63227858988383
1.6339753163123831
1.6352415670832883
1.6360759470672528
1.6364773197583282
1.6364448230760797
1.6359778857906382
1.6350762444287033
1.6337399605100689
1.6319694379563856
1.6297654405068644
1.6271291089696789
1.6240619781331451
1.620565993157568
1.6166435252671185
1.6122973865614347
1.6075308437689746
1.6023476307686026
1.5967519597125703
1.5907485305929958
1.5843425391051689
1.5775396826744716
1.5703461645293302
1.5627686957202598
1.5548144950045686
1.5464912865374072
1.5378072953323454
1.5287712404782081
1.519392326123193
1.5096802302619639
1.499645091386107
1.4892974930826788
1.4786484466891976
1.4677093721359846
1.456492077127918
1.4450087348371132
1.4332718602955379
1.4212942856918724
1.4090891347898882
1.396669796696095
1.3840498992123604
1.3712432820145946
### END
