### NP, NF, NT, dt
6 6 660 0.4
### promoter data
#   name
#   type, strength, number of genes
#   factor name
#   k, n
###
p1
1 0.8 1
input 1
0.5 2
p2
1 0.8 1
input 2
0.4 2
pA
1 0.1 1
A
0.7 2
pB
1 0.4 1
B
0.35 2
pC
0 1.0 1
C
0.4 4
pD
0 1.0 1
D
0.4 4
### factor data
#   name
#   degeneration, copy rate, number of genes
#   initial value
#   input type, timing, strength
###
input 1
0.05 0.1 1
0.0
1 30.0 2.0
input 2
0.05 0.1 1
0.0
1 180.0 1.8
A
0.1 0.1 1
0.0
0 0.0 1.0
B
0.12 0.1 1
1.0
0 0.0 1.0
C
0.09 0.1 1
0.0
0 0.0 1.0
D
0.11 0.1 1
1.0
0 0.0 1.0
### input type
1
### input data
### factor:0
0.0
0.0
0.0
0.0
0.0
0.0
0.0
0.0
0.0
0.0
0.0
0.0
0.0
0.0
0.0
0.0
0.0
0.0
0.0
0.0
0.0
0.0
0.0
0.0
0.0
0.0
0.0
0.0
0.0
0.0
0.0
0.0
0.0
0.0
0.0
0.0
0.0
0.0
0.0
0.0
0.0
0.0
0.0
0.0
0.0
0.0
0.0
0.0
0.0
0.0
0.0
0.0
0.0
0.0
0.0
0.0
0.0
0.0
0.0
0.0
0.0
0.0
0.0
0.0
0.0
0.0
0.0
0.0
0.0
0.0
0.0
0.0
0.0
0.0
0.0
0.0
0.0
0.0
0.0
1.0
1.0
1.0
1.0
1.0
1.0
1.0
1.0
1.0
1.0
1.0
1.0
1.0
1.0
1.0
1.0
1.0
1.0
1.0
1.0
1.0
1.0
1.0
1.0
1.0
1.0
1.0
1.0
1.0
1.0
1.0
1.0
1.0
1.0
1.0
1.0
1.0
1.0
1.0
1.0
1.0
1.0
1.0
1.0
1.0
1.0
1.0
1.0
1.0
1.0
1.0
1.0
1.0
1.0
1.0
1.0
1.0
1.0
1.0
1.0
1.0
1.0
1.0
1.0
1.0
1.0
1.0
1.0
1.0
1.0
1.0
1.0
1.0
1.0
1.0
1.0
1.0
1.0
1.0
1.0
1.0
1.0
1.0
1.0
1.0
1.0
1.0
1.0
1.0
1.0
1.0
1.0
1.0
1.0
1.0
1.0
1.0
1.0
1.0
1.0
1.0
0.0
0.0
0.0
0.0
0.0
0.0
0.0
0.0
0.0
0.0
0.0
0.0
0.0
0.0
0.0
0.0
0.0
0.0
0.0
0.0
0.0
0.0
0.0
0.0
0.0
0.0
0.0
0.0
0.0
0.0
0.0
0.0
0.0
0.0
0.0
0.0
0.0
0.0
0.0
0.0
0.0
0.0
0.0
0.0
0.0
0.0
0.0
0.0
0.0
0.0
0.0
0.0
0.0
0.0
0.0
0.0
0.0
0.0
0.0
0.0
0.0
0.0
0.0
0.0
0.0
0.0
0.0
0.0
0.0
0.0
0.0
0.0
0.0
0.0
0.0
0.0
0.0
0.0
0.0
0.0
0.0
0.0
0.0
0.0
0.0
0.0
0.0
0.0
0.0
0.0
0.0
0.0
0.0
0.0
0.0
0.0
0.0
0.0
0.0
0.0
0.0
0.0
0.0
0.0
0.0
0.0
0.0
0.0
0.0
0.0
0.0
0.0
0.0
0.0
0.0
0.0
0.0
0.0
0.0
0.0
0.0
0.0
0.0
0.0
0.0
0.0
0.0
0.0
0.0
0.0
0.0
0.0
0.0
0.0
0.0
0.0
0.0
0.0
0.0
0.0
0.0
0.0
0.0
0.0
0.0
0.0
0.0
0.0
0.0
0.0
0.0
0.0
0.0
0.0
0.0
0.0
0.0
0.0
0.0
0.0
0.0
0.0
0.0
0.0
0.0
0.0
0.0
0.0
0.0
0.0
0.0
0.0
0.0
0.0
0.0
0.0
0.0
0.0
0.0
0.0
0.0
0.0
0.0
0.0
0.0
0.0
0.0
0.0
0.0
0.0
0.0
0.0
0.0
0.0
0.0
0.0
0.0
0.0
0.0
0.0
0.0
0.0
0.0
0.0
0.0
0.0
0.0
0.0
0.0
0.0
0.0
0.0
0.0
0.0
0.0
0.0
0.0
0.0
0.0
0.0
0.0
0.0
0.0
0.0
0.0
0.0
0.0
0.0
0.0
0.0
0.0
0.0
0.0
0.0
0.0
0.0
0.0
0.0
0.0
0.0
0.0
0.0
0.0
0.0
0.0
0.0
0.0
0.0
0.0
0.0
0.0
0.0
0.0
0.0
0.0
0.0
0.0
0.0
0.0
0.0
0.0
0.0
0.0
0.0
0.0
0.0
0.0
0.0
0.0
0.0
0.0
0.0
0.0
0.0
0.0
0.0
0.0
0.0
0.0
0.0
0.0
0.0
0.0
0.0
0.0
0.0
0.0
0.0
0.0
0.0
0.0
0.0
0.0
0.0
0.0
0.0
0.0
0.0
0.0
0.0
0.0
0.0
0.0
0.0
0.0
0.0
0.0
0.0
0.0
1.0
1.0
1.0
1.0
1.0
1.0
1.0
1.0
1.0
1.0
1.0
1.0
1.0
1.0
1.0
1.0
1.0
1.0
1.0
1.0
1.0
1.0
1.0
1.0
1.0
1.0
1.0
1.0
1.0
1.0
1.0
1.0
1.0
1.0
1.0
1.0
1.0
1.0
1.0
1.0
1.0
1.0
1.0
1.0
1.0
1.0
1.0
1.0
1.0
1.0
1.0
1.0
1.0
1.0
1.0
1.0
1.0
1.0
1.0
1.0
1.0
1.0
1.0
1.0
1.0
1.0
1.0
1.0
1.0
1.0
1.0
1.0
1.0
1.0
1.0
1.0
1.0
1.0
1.0
1.0
1.0
1.0
1.0
1.0
1.0
1.0
1.0
1.0
1.0
1.0
1.0
1.0
1.0
1.0
1.0
1.0
1.0
1.0
1.0
1.0
1.0
0.0
0.0
0.0
0.0
0.0
0.0
0.0
0.0
0.0
0.0
0.0
0.0
0.0
0.0
0.0
0.0
0.0
0.0
0.0
0.0
0.0
0.0
0.0
0.0
0.0
0.0
0.0
0.0
0.0
0.0
0.0
0.0
0.0
0.0
0.0
0.0
0.0
0.0
0.0
0.0
0.0
0.0
0.0
0.0
0.0
0.0
0.0
0.0
0.0
0.0
0.0
0.0
0.0
0.0
0.0
0.0
0.0
0.0
0.0
0.0
0.0
0.0
0.0
0.0
0.0
0.0
0.0
0.0
0.0
0.0
### factor:1
0.0
0.0
0.0
0.0
0.0
0.0
0.0
0.0
0.0
0.0
0.0
0.0
0.0
0.0
0.0
0.0
0.0
0.0
0.0
0.0
0.0
0.0
0.0
0.0
0.0
0.0
0.0
0.0
0.0
0.0
0.0
0.0
0.0
0.0
0.0
0.0
0.0
0.0
0.0
0.0
0.0
0.0
0.0
0.0
0.0
0.0
0.0
0.0
0.0
0.0
0.0
0.0
0.0
0.0
0.0
0.0
0.0
0.0
0.0
0.0
0.0
0.0
0.0
0.0
0.0
0.0
0.0
0.0
0.0
0.0
0.0
0.0
0.0
0.0
0.0
0.0
0.0
0.0
0.0
0.0
0.0
0.0
0.0
0.0
0.0
0.0
0.0
0.0
0.0
0.0
0.0
0.0
0.0
0.0
0.0
0.0
0.0
0.0
0.0
0.0
0.0
0.0
0.0
0.0
0.0
0.0
0.0
0.0
0.0
0.0
0.0
0.0
0.0
0.0
0.0
0.0
0.0
0.0
0.0
0.0
0.0
0.0
0.0
0.0
0.0
0.0
0.0
0.0
0.0
0.0
0.0
0.0
0.0
0.0
0.0
0.0
0.0
0.0
0.0
0.0
0.0
0.0
0.0
0.0
0.0
0.0
0.0
0.0
0.0
0.0
0.0
0.0
0.0
0.0
0.0
0.0
0.0
0.0
0.0
0.0
0.0
0.0
0.0
0.0
0.0
0.0
0.0
0.0
0.0
0.0
0.0
0.0
0.0
0.0
0.0
0.0
0.0
0.0
0.0
0.0
0.0
0.0
0.0
0.0
0.0
0.0
0.0
0.0
0.0
0.0
0.0
0.0
0.0
0.0
0.0
0.0
0.0
0.0
0.0
0.0
0.0
0.0
0.0
0.0
0.0
0.0
0.0
0.0
0.0
0.0
0.0
0.0
0.0
0.0
0.0
0.0
0.0
0.0
0.0
0.0
0.0
0.0
0.0
0.0
0.0
0.0
0.0
0.0
0.0
0.0
0.0
0.0
0.0
0.0
0.0
0.0
0.0
0.0
0.0
0.0
0.0
0.0
0.0
0.0
0.0
0.0
0.0
0.0
0.0
0.0
0.0
0.0
0.0
0.0
0.0
0.0
0.0
0.0
0.0
1.0
1.0
1.0
1.0
1.0
1.0
1.0
1.0
1.0
1.0
1.0
1.0
1.0
1.0
1.0
1.0
1.0
1.0
1.0
1.0
1.0
1.0
1.0
1.0
1.0
1.0
1.0
1.0
1.0
1.0
1.0
1.0
1.0
1.0
1.0
1.0
1.0
1.0
1.0
1.0
1.0
1.0
1.0
1.0
1.0
1.0
1.0
1.0
1.0
1.0
1.0
1.0
1.0
1.0
1.0
1.0
1.0
1.0
1.0
1.0
1.0
1.0
1.0
1.0
1.0
1.0
1.0
1.0
1.0
1.0
1.0
1.0
1.0
1.0
1.0
1.0
1.0
1.0
1.0
1.0
1.0
1.0
1.0
1.0
1.0
1.0
1.0
1.0
1.0
1.0
1.0
1.0
1.0
1.0
1.0
1.0
1.0
1.0
1.0
1.0
1.0
0.0
0.0
0.0
0.0
0.0
0.0
0.0
0.0
0.0
0.0
0.0
0.0
0.0
0.0
0.0
0.0
0.0
0.0
0.0
0.0
0.0
0.0
0.0
0.0
0.0
0.0
0.0
0.0
0.0
0.0
0.0
0.0
0.0
0.0
0.0
0.0
0.0
0.0
0.0
0.0
0.0
0.0
0.0
0.0
0.0
0.0
0.0
0.0
0.0
0.0
0.0
0.0
0.0
0.0
0.0
0.0
0.0
0.0
0.0
0.0
0.0
0.0
0.0
0.0
0.0
0.0
0.0
0.0
0.0
0.0
0.0
0.0
0.0
0.0
0.0
0.0
0.0
0.0
0.0
0.0
0.0
0.0
0.0
0.0
0.0
0.0
0.0
0.0
0.0
0.0
0.0
0.0
0.0
0.0
0.0
0.0
0.0
0.0
0.0
0.0
0.0
0.0
0.0
0.0
0.0
0.0
0.0
0.0
0.0
0.0
0.0
0.0
0.0
0.0
0.0
0.0
0.0
0.0
0.0
0.0
0.0
0.0
0.0
0.0
0.0
0.0
0.0
0.0
0.0
0.0
0.0
0.0
0.0
0.0
0.0
0.0
0.0
0.0
0.0
0.0
0.0
0.0
0.0
0.0
0.0
0.0
0.0
0.0
0.0
0.0
0.0
0.0
0.0
0.0
0.0
0.0
0.0
0.0
0.0
0.0
0.0
0.0
0.0
0.0
0.0
0.0
0.0
0.0
0.0
0.0
0.0
0.0
0.0
0.0
0.0
0.0
0.0
0.0
0.0
0.0
0.0
0.0
0.0
0.0
0.0
0.0
0.0
0.0
0.0
0.0
0.0
0.0
0.0
0.0
0.0
0.0
0.0
0.0
0.0
0.0
0.0
0.0
0.0
0.0
0.0
0.0
0.0
0.0
0.0
0.0
0.0
0.0
0.0
0.0
0.0
0.0
0.0
0.0
0.0
0.0
0.0
0.0
0.0
0.0
0.0
0.0
0.0
0.0
0.0
0.0
0.0
0.0
0.0
0.0
0.0
0.0
0.0
0.0
0.0
0.0
0.0
0.0
0.0
0.0
0.0
0.0
0.0
0.0
0.0
0.0
0.0
0.0
0.0
0.0
0.0
0.0
0.0
0.0
0.0
0.0
0.0
0.0
0.0
0.0
0.0
0.0
0.0
0.0
0.0
0.0
0.0
0.0
0.0
0.0
0.0
0.0
0.0
0.0
0.0
0.0
0.0
0.0
0.0
0.0
0.0
0.0
0.0
0.0
0.0
0.0
0.0
0.0
0.0
0.0
0.0
0.0
0.0
0.0
0.0
0.0
### factor:2
0.0
9.596204739940667E-4
0.0018458394255871425
0.002664555219884238
0.0034211132403987065
0.004120368905591622
0.00476674207349949
0.00536426419685737
0.005916619349428753
0.006427180049566531
0.006899038649484151
0.007335034930654753
0.007737780441207246
0.008109680025473364
0.008452950925277623
0.008769639774242057
0.00906163775798988
0.009330694172834147
0.009578428581855014
0.009806341739016542
0.010015825428194763
0.010208171343908353
0.010384579123531239
0.010546163626309333
0.010693961542179787
0.010828937402855295
0.010951989058602517
0.011063952676376986
0.011165607308280966
0.011257679073523132
0.011340844992043195
0.011415736503607287
0.01148294270238523
0.011543013313708314
0.011596461436808139
0.01164376607479561
0.011685374470905967
0.011721704268068837
0.011753145507126686
0.011780062477490243
0.01180279543265973
0.01182166218183358
0.011836959567752863
0.011848964839973221
0.011857936931902357
0.011864117649178036
0.011867732776277801
0.011868993107638684
0.011868095409014004
0.01186522331429876
0.011860548162608219
0.011854229779990953
0.01184641720979316
0.011837249395360985
0.011826855818468535
0.0118153570965878
0.011802865541869918
0.011789485684482763
0.011775314762745246
0.01176044318231211
0.011744954946492598
0.011728928059630508
0.011712434905330572
0.011695542601185303
0.01167831333153664
0.011660804659696515
0.011643069820949321
0.011625157997566112
0.011607114576974564
0.011588981394149683
0.011570796959217271
0.011552596671194786
0.01153441301873193
0.011516275768655744
0.01149821214307154
0.011480246985721696
0.011462402918258435
0.011444700487044143
0.011427158301053458
0.011409793161414376
0.03649140428448037
0.06060329650909917
0.08379185101424806
0.10610042659351772
0.12756958788390976
0.14823734489692658
0.16813939123842028
0.1873093314568062
0.2057788909723265
0.22357810489704097
0.24073548458371877
0.2572781627608764
0.2732320194935909
0.28862179192859866
0.30347117092030973
0.3178028873536583
0.3316387904692791
0.3449999199233704
0.35790657279443483
0.3703783663404043
0.3824342970249546
0.3940927961552563
0.405371782377251
0.4162887112303951
0.42686062194846347
0.43710418169014853
0.44703572738282676
0.45667130535980033
0.466026708963531
0.47511751427468685
0.483959114109949
0.4925667504115039
0.5009555451289942
0.5091405296712412
0.5171366729808705
0.5249589082604311
0.5326221583538308
0.540141359761894
0.5475314852454254
0.5548075649430632
0.5619847059041155
0.569078109908107
0.5761030894125524
0.5830750814381384
0.5900096591657137
0.5969225409820107
0.603829596670718
0.6107468504024367
0.6176904801314357
0.6246768129595368
0.6317223159788107
0.6388435820564127
0.64605730997871
0.6533802783303194
0.6608293124499409
0.668421243782791
0.676172860943591
0.6841008518197242
0.6922217360871822
0.7005517875885131
0.7091069461384817
0.7179027184855482
0.7269540683707006
0.7362752958932419
0.7458799067171755
0.7557804720301082
0.765988480593493
0.7765141846884013
0.7873664422496641
0.7985525579728052
0.8100781266475219
0.8219468823893975
0.8341605577763931
0.846718757116385
0.8596188481466284
0.8728558763705436
0.8864225059545523
0.9003089906311609
0.9145031773898387
0.9289905449035045
0.9437542776677175
0.9587753757655102
0.9740327990653985
0.9895036435704344
1.0051633466196002
1.0209859167525572
1.0369441833295818
1.0530100604835926
1.069154819689824
1.08534936517562
1.1015645065486492
1.1177712233748989
1.1339409169567378
1.1500456452082768
1.1660583372591897
1.1819529851980388
1.1977048111535933
1.2132904086740395
1.228687858071837
1.243876816035602
1.2588385803559523
1.2484469139604226
1.2387517113333022
1.2297023079291547
1.2212513767747337
1.2133547912697833
1.2059714811300755
1.1990632837320898
1.1925947928826828
1.1865332067965892
1.180848176827497
1.1755116582706122
1.1704977643402215
1.1657826242274447
1.1613442459627081
1.1571623846450363
1.15321841645601
1.1494952187495666
1.1459770563988267
1.1426494744866544
1.1394991973464523
1.1365140338924449
1.133682789123105
1.1309951816361785
1.1284417669577638
1.1260138664599921
1.1237035016210146
1.1215033333662843
1.1194066062206924
1.1174070969962004
1.1154990677385181
1.1136772226585054
1.1119366687787557
1.11027288003278
1.1086816645629038
1.1071591349730439
1.1057016813035936
1.104305946507444
1.1029688042184178
1.101687338615896
1.100458826201978
1.0992807193199625
1.0981506312551657
1.0970663227709685
1.0960256899444358
1.0950267531768125
1.0940676472646207
1.093146612426928
1.09226198619361
1.0914121960680796
1.0905957528860106
1.0898112447990398
1.0890573318193144
1.0883327408670844
1.0876362612693316
1.0869667406627226
1.0863230812589912
1.0857042364352267
1.0851092076155013
1.0845370414138493
1.0839868270118216
1.0834576937467386
1.0829488088893566
1.0824593755919885
1.081988630990192
1.081535844443001
1.0811003158983141
1.0806813743715376
1.0802783765268755
1.0798907053518287
1.0795177689164843
1.0791589992101007
1.0788138510482903
1.078481801044828
1.0781623466427386
1.0778550051998832
1.0775593131247587
1.0772748250586603
1.0770011131007526
1.0767377660729316
1.0764813092851637
1.0762121802531168
1.075882749953759
1.0754080422099963
1.074660629114787
1.0734699049722878
1.071626957394022
1.0688960219602737
1.0650323847198193
1.0598048398499216
1.0530190750026511
1.0445375039452107
1.034291671787707
1.022285286944686
1.0085883648632006
0.9933249023765238
0.9766573378579041
0.9587708057979067
0.9398592974258084
0.9201147947207821
0.8997195924949486
0.8788414865472437
0.8576312596126512
0.8362218526041187
0.8147286755770451
0.7932506236541568
0.7718714776857605
0.7506614685039886
0.7296788611519143
0.7089714721255641
0.6885780719466741
0.6685296513792502
0.6488505460097898
0.6295594236907077
0.6106701447097148
0.5921925070674041
0.5741328900001437
0.5564948085934006
0.5392793914558038
0.522485792257422
0.5061115446529413
0.49015286881391035
0.4746049365407899
0.4594621007459495
0.4447180940107944
0.43036619993729036
0.4163994001503186
0.40281049907928745
0.3895922280741053
0.3767373300099729
0.36423862531982565
0.35208906036373805
0.34028173918595767
0.32880993998811053
0.3176671180088343
0.30684689687990907
0.2963430508571983
0.28614948053913153
0.2762601847421098
0.2666692310829837
0.2573707275336759
0.24835879679669698
0.23962755485370762
0.23117109451920168
0.22298347434027993
0.21505871276188207
0.207390787149462
0.19997363703664367
0.19280117083918344
0.1858672752345948
0.17916582643016168
0.17269070261076963
0.16643579695362706
0.16039503070435154
0.1545623659166696
0.1489318175584461
0.14349746477540737
0.13825346117872492
0.13319404408330812
0.12831354267108946
0.12360638508927628
0.11906710451927048
0.11469034426953069
0.11047086195675712
0.10640353284590572
0.1024833524219429
0.09870543826596423
0.09506503130613746
0.09155749651052834
0.08817832308470627
0.08492312423246264
0.08178763653326461
0.07876771898538937
0.07585935175916064
0.0730586347004165
0.07036178562032057
0.06776513840390917
0.06526514096635083
0.06285835308277624
0.06054144411470449
0.05831119065352846
0.05616816129449336
0.05411281502756822
0.05214192570428748
0.05025237438560205
0.04844114578095198
0.046705324830567614
0.045042093426483854
0.043448727267378695
0.041922592842039426
0.04046114453601894
0.03906192185587176
0.03772254676525189
0.036440721127111296
0.03521422424625289
0.034040910506562175
0.03291870709736041
0.03184561182348385
0.03081969099389249
0.02983907738384024
0.028901968265892353
0.02800662350534706
0.027151363715903196
0.02633456847170733
0.025554674572208752
0.024810174356543993
0.02409961406446063
0.02342159224107001
0.022774758182987357
0.022157810423673402
0.021569495256032505
0.02100860529054717
0.020473978047436794
0.01996449458151905
0.019479078138625625
0.019016692842579782
0.018576342411882146
0.018157068905373674
0.017757951496251565
0.01737810527390598
0.017016680073123683
0.01667285933027
0.016345858966114138
0.016034926295005653
0.015739338960143023
0.015458403894699746
0.015191456308590192
0.014937858700667562
0.014696999896150706
0.01446829410907597
0.014251180029565587
0.014045119935696031
0.013849598829739017
0.013664123598534916
0.013488222197743933
0.013321442859704862
0.013163353324615067
0.013013540094728946
0.01287160771125567
0.01273717805362105
0.012609889660742791
0.01248939707395372
0.012375370201193732
0.012267493702078382
0.012165466393440391
0.012069000674929836
0.011977821974249528
0.011891668211594136
0.01181028928285474
0.011733446561145187
0.011660912416202169
0.01159246975120798
0.011527911556583018
0.01146704048029412
0.01140966841422526
0.011355616096158202
0.011304712726912945
0.011256795602200782
0.01121170975874665
0.011169307634242029
0.011129448740694815
0.011091999350748614
0.01105683219655016
0.011023826180750573
0.010992866099233493
0.010963842375170904
0.010936650804015466
0.010911192309046592
0.010887372707096091
0.010865102484087931
0.010844296580035726
0.010824874183150503
0.01080675853272049
0.010789876730433863
0.0107741595598246
0.01075954131353071
0.010745959628063406
0.010733355325794777
0.010721672263880547
0.010710857189843598
0.0107008596035525
0.010691631625338245
0.01068312787000076
0.010675305326465271
0.010668123242856854
0.01066154301676944
0.010655528090513728
0.01065004385113589
0.010645057535006696
0.010640538136787956
0.01063645632259036
0.010632784347143777
0.01062949597480785
0.01062656640425727
0.010623972196682565
0.010621691207353403
0.010619702520397407
0.010617986386653323
0.010616524164462966
0.010615298263271896
0.010614292089913935
0.010613489997459789
0.010612877236514955
0.010612439908856769
0.01061216492330506
0.010612039953725293
0.010612053399067317
0.010612194345346845
0.010612452529480898
0.010612818304892057
0.03571190766626119
0.059840873165122724
0.08304611754098688
0.10537101913103332
0.12685615815996967
0.14753955490368675
0.16745690716038894
0.1866418174412055
0.20512600324747168
0.2229394866185137
0.24011076164232997
0.25666694064233797
0.2726338811564892
0.2880362965773315
0.30289785349749526
0.3172412585589774
0.33108833712064256
0.3444601055018137
0.3573768380471527
0.3698581298500423
0.38192295568347
0.3935897255053982
0.4048763368036113
0.41580022399559063
0.42637840507927605
0.4366275257243932
0.4465639009912741
0.4562035548593974
0.46556225773902876
0.4746555621260102
0.4834988365425326
0.4921072978865663
0.5004960422904641
0.5086800745658743
0.5166743362880668
0.5244937325484124
0.53215315737921
0.5396675178302857
0.547051756651631
0.5543208735105527
0.5614899446450337
0.5685741408268925
0.5755887434784914
0.5825491587547991
0.5894709293682421
0.5963697438967048
0.6032614432751251
0.6101620241283939
0.6170876385579295
0.6240545899468835
0.6310793243003053
0.6381784165880506
0.6453685515115786
0.6526664980734567
0.6600890772934412
0.6676531223912219
0.6753754307478118
0.6832727069703481
0.691361496424544
0.6996581086714305
0.7081785303567028
0.7169383272580226
0.7259525354033227
0.7352355414353489
0.7448009527160286
0.7546614580374275
0.7648286802289239
0.7753130224131672
0.7861235101517443
0.7972676322154476
0.8087511831888491
0.8205781115456747
0.8327503771786453
0.8452678226027197
0.8581280621435666
0.8713263933477963
0.8848557345897841
0.8987065923938266
0.9128670613441582
0.927322858636634
0.9420573943654608
0.9570518775787998
0.972285457029989
0.987735394453435
1.0033772671636991
1.0191851958670222
1.0351320928326042
1.051189925031074
1.067329986530707
1.0835231743543798
1.0997402621340122
1.1159521662338123
1.1321301995183537
1.1482463085789443
1.1642732909608344
1.1801849897132295
1.1959564633748874
1.2115641302759728
1.2269858867535113
1.2422011995217448
1.257191172995366
1.2468293351939967
1.2371653440530728
1.2281483431580993
1.2197308213402873
1.2118684764290049
1.20452007191254
1.1976472887905214
1.1912145746655136
1.185188991880291
1.1795400662691584
1.1742396378624524
1.1692617146673079
1.1645823304477108
1.160179407244391
1.1560326232109177
1.1521232861964008
1.1484342133769414
1.14494961712649
1.1416549972219427
1.1385370393958683
1.1355835201819027
1.132783217941268
1.1301258299127952
1.1276018950920597
1.125202722716653
1.1229203261131786
1.12074736164633
1.1186770725005324
1.1167032370193273
1.1148201213262616
1.113022435952891
1.1113052962040528
1.109664185997333
1.1080949249221859
1.106593638274092
1.1051567298301097
1.103780857143893
1.102462909150455
1.1011999858834254
1.099989380120094
1.0988285607819863
1.097715157930951
1.0966469492126403
1.0956218476107484
1.0946378903863685
1.0936932290872932
1.0927861205219749
1.0919149186021637
1.091078066966942
1.0902740923089775
1.0895015983313276
1.0887592602700578
1.088045819924317
1.0873600811413573
1.086700905709316
1.086067209615448
1.0854579596319007
1.0848721701951223
1.0843089005486026
1.0837672521218966
1.0832463661218006
1.0827454213141792
1.0822636319772838
1.0818002460095064
1.0813545431763847
1.0809258334833443
1.0805134556621514
1.0801167757603707
1.0797351858242932
### factor:3
1.0
1.0061155594873596
1.0119623886490174
1.0175520427517357
1.0228956064586892
1.0280037100517092
1.0328865454679255
1.0375538820924852
1.0420150822610428
1.0462791164356067
1.0503545780255334
1.0542496978322755
1.0579723581021752
1.061530106176351
1.0649301677306897
1.0681794596022767
1.071284602201364
1.0742519315102848
1.0770875106726276
1.0797971411775718
1.0823863736455672
1.0848605182226068
1.0872246545911721
1.089483641606614
1.091642126568236
1.093704554134747
1.0956751748940279
1.0975580535973373
1.0993570770681986
1.1010759617962442
1.1027182612262774
1.1042873727527514
1.1057865444297565
1.1072188814064712
1.1085873520978689
1.1098947941002832
1.1111439198612307
1.1123373221126682
1.1134774790766353
1.114566759451989
1.1156074271906966
1.1166016460719015
1.117551484081727
1.1184589176065336
1.1193258354470885
1.1201540426608678
1.1209452642394537
1.1217011486277548
1.122423271091536
1.123113136939509
1.1237721846060078
1.1244017886000486
1.1250032623263546
1.1255778607837157
1.1261267831458426
1.1266511752296808
1.1271521318559494
1.1276306991064828
1.1280878764827742
1.1285246189699396
1.1289418390101522
1.129340408389433
1.1297211600415245
1.1300848897724212
1.1304323579089828
1.130764290874915
1.1310813826972652
1.13138429644645
1.1316736656127024
1.1319500954217092
1.1322141640920875
1.1324664240372404
1.132707403014022
1.1329376052205409
1.1331575123453268
1.1333675845699978
1.1335682615274638
1.1337599632176247
1.1339430908824288
1.134118027842082
1.1342842295431663
1.1344332570970403
1.1345386424752881
1.1345493234958732
1.134387180753679
1.1339481656237476
1.1331066500704563
1.1317225243011888
1.1296503147185322
1.126749308277707
1.1228934805438737
1.1179800343156796
1.1119355949450398
1.1047195257481857
1.096324310761496
1.086773379394819
1.0761170299915082
1.0644272168665319
1.0517919212491098
1.03830968419345
1.0240846972440545
1.0092226702122917
0.9938275516353269
0.9779990759402332
0.9618310499313935
0.9454102619681463
0.9288158905386701
0.9121192962275392
0.8953840956414599
0.8786664331074359
0.8620153830600681
0.8454734314658423
0.8290769977424463
0.8128569693033103
0.7968392292643568
0.7810451642957519
0.7654921444274061
0.7501939701492648
0.7351612846730408
0.720401950980683
0.7059213944697682
0.6917229127688292
0.6778079547531086
0.6641763710315903
0.6508266382652528
0.6377560596626963
0.6249609439178174
0.6124367647302105
0.6001783029002958
0.5881797728301519
0.5764349350960932
0.5649371965957755
0.5536796996146234
0.5426554010058987
0.5318571425370607
0.5212777133229595
0.5109099051442182
0.5007465613371295
0.4907806198396545
0.4810051508868513
0.47141338976847513
0.46199876499185566
0.4527549221347639
0.4436757436261031
0.4347553646571011
0.42598818540227906
0.41736887971762715
0.4088924004826015
0.40055398176185936
0.3923491379807038
0.38427366033321675
0.3763236106717841
0.3684953131585876
0.36078534399086376
0.3531905195394688
0.3457078832618404
0.33833469176346836
0.331068400384668
0.32390664868068997
0.3168472461426928
0.30988815847537227
0.30302749470539353
0.2962634953451742
0.2895945217814757
0.28301904700039426
0.276535647702467
0.270142997806313
0.26383986328874887
0.25762509826541585
0.2514976421798353
0.24545651794112108
0.23950083083144605
0.2336297679934569
0.22784259830449208
0.2221386724477644
0.21651742299958368
0.21097836436512846
0.20552109241217614
0.2001452836716037
0.1948506939945232
0.18963715657790092
0.18451545388594057
0.1794953196611267
0.17457519166634283
0.16975365931381448
0.16502945122979282
0.16040142265870136
0.15586854276055223
0.15142988186693793
0.1470845987698103
0.14283192812363985
0.1386711680455013
0.13460166799928044
0.13062281704967574
0.12673403256914187
0.12293474947655982
0.11922441008041838
0.11560245459186723
0.11206831236437977
0.10862139390719362
0.10526108370942931
0.10198673390108676
0.09879765876624323
0.09569313011297709
0.09267237349405706
0.08973456526248354
0.08687883043673669
0.08410424134223575
0.08140981698817097
0.07879452313262444
0.0762572729838038
0.073796928481294
0.07141230209847597
0.0691021591056266
0.06686522023263848
0.06470016467069495
0.06260563335350706
0.06058023246075423
0.058622537089052226
0.05673109503898425
0.05490443067035534
0.053141048781756406
0.05143943847464703
0.0497980769663902
0.048215433320912784
0.04668997206984762
0.04522015670107519
0.04380445299547196
0.04244133219634878
0.04112927399949498
0.03986676935491065
0.038652323074197685
0.03748445624018348
0.03636170841767008
0.03528263966624104
0.034245832357827945
0.033249892803251434
0.03229345269322245
0.031375170360335644
0.03049373186942618
0.029647851944312447
0.028836274739428607
0.028057774465181266
0.02731115587606145
0.026595254630623427
0.025908937532421718
0.025251102660891922
0.024620679400983298
0.024016628380114032
0.023437941320735126
0.022883640816466082
0.022352780039413968
0.021844442385915108
0.02135774106755253
0.020891818653908444
0.02044584657311429
0.020019024575866302
0.019610580168185034
0.019219768017816198
0.01884586933880015
0.04551821621690947
0.0712324578178041
0.09616358428770229
0.12044616971742152
0.14417903688994094
0.1674306756119543
0.1902448466155504
0.21264598154847034
0.23464411643640407
0.2562391959322352
0.27742467022820244
0.29819037702096274
0.31852475462774943
0.3384164672213788
0.35785553997906505
0.3768341041713975
0.39534684460049296
0.4133912289347682
0.4309675839401892
0.4480790696345854
0.46473159014274257
0.48093366989471775
0.49669631574186285
0.5120328793132216
0.5269589291803626
0.5414921388252568
0.5556521937310702
0.5694607189006556
0.5829412265560038
0.5961190825263077
0.6090214887677683
0.6216774784775463
0.634117919293677
0.646375519059839
0.6584848275468594
0.6704822263520875
0.6824058979590164
0.6942957636788507
0.7061933789956314
0.7181417738223316
0.730185224520127
0.7423689444591297
0.7547386806725201
0.7673402060717749
0.7802187000415217
0.7934180152628633
0.8069798354552814
0.8209427373206548
0.8353411799898813
0.8502044560516825
0.8655556487685678
0.881410649032875
0.8977772914887249
0.9146546705962939
0.9320326931342412
0.9498919132512542
0.9682036800785699
0.9869306074345442
1.0060273524437537
1.0254416676105433
1.045115671724513
1.0649872711792032
1.0849916562591582
1.1050627970530371
1.125134870219305
1.145143559408463
1.165027186825791
1.184727649218972
1.2041911467499968
1.2233687064527867
1.2422165124960827
1.2606960629652804
1.2787741774428298
1.2964228816708874
1.313619195534143
1.3303448490592127
1.3465859486115168
1.3623326124266324
1.377578591390546
1.3923208878351405
1.4065593822080549
1.4202964749050353
1.4335367483591317
1.4462866526673523
1.4585542165794572
1.4703487845388317
1.4816807796085638
1.4925614914923158
1.5030028884268076
1.5130174514421832
1.5226180293246474
1.5318177125441323
1.540629724404922
1.5490673277201954
1.55714374538733
1.5648720933378857
1.5722653244455567
1.5793361820904332
1.5860971621937903
1.592560482650933
1.598738059198047
1.5776950988569718
1.5576290444562464
1.538493164386242
1.520243087902215
1.5028366733388439
1.486233885033033
1.4703966782356699
1.4552888913649515
1.4408761450180991
1.4271257472155123
1.414006604402377
1.4014891377780945
1.3895452045642733
1.3781480238579338
1.3672721067485767
1.3568931904062647
1.3469881758732947
1.3375350693147556
1.3285129265035776
1.3199018003338898
1.3116826911728465
1.303837499875783
1.2963489833028206
1.2892007121870164
1.282377031214997
1.2758630211908666
1.2696444631631383
1.26370780440261
1.2580401261265806
1.2526291128716494
1.247463023423634
1.2425306632189304
1.237821358136982
1.23332492960846
1.2290316709683322
1.2249323249872324
1.2210180625184914
1.2172804622018534
1.2137114911683178
1.2103034866937428
1.2070491387518225
1.2039414734198377
1.2009738370931937
1.1981398814672028
1.1954335492468662
1.192849060547562
1.1903808999515741
1.1880238041872984
1.185772750399748
1.183622944982674
1.181569812944196
1.179608987779333
1.17773630182424
1.1759477770682742
1.1742396164012763
1.172608195274628
1.171050053755768
1.169561888956899
1.168140547819613
1.1667830202381044
1.1654864325045295
1.164248041060906
1.1630652265427446
1.1619354881003563
1.1608564379844837
1.1598257963835836
1.15884138650072
1.1579011298586308
1.157003041822099
1.1561452273273043
1.1553258768083385
1.1545432623115517
1.153795733788861
1.153081715561585
1.1523997029467796
1.151748259038446
1.151126011636348
1.1505316503155334
1.1499639236299855
1.149421636444146
1.1489036473863603
1.1484088664185674
1.1479362525168473
1.1474848114576774
1.1470535937050101
1.1466416923935059
1.1462482414034845
1.145872413523362
1.145513418695546
1.1451705023419472
1.1448429437654486
1.144530054623847
1.1442311774729401
1.1439456843755935
1.1436729755737676
1.1434124782206228
1.1431636451699623
1.1429259538203906
1.142698905011696
1.1424820219710736
1.1422748493069226
1.142076952048049
1.1418879147262126
1.1417073405000469
1.1415348503184708
1.1413700821218056
1.1412126900788804
1.1410623438584993
1.1409187279337103
1.140781540917394
1.1406504949277503
1.140525314982334
1.140405738419348
1.1402915143449595
1.1401824031054668
1.1400781757831928
1.139978613715034
1.139883508032644
1.1397926592232734
1.1397058767103383
1.1396229784528227
1.1395437905626722
1.139468146939364
1.139395888920881
1.1393268649503527
1.1392609302576553
1.1391979465553002
1.1391377817479673
1.1390803096550677
1.139024550744979
1.1389618661117566
1.138865801760415
1.1386854583694714
1.1383429579674356
1.1377344994904544
1.1367346352236931
1.1352032999177137
1.1329948737912268
1.1299682745740731
1.1259968820466886
1.1209771027728828
1.1148346159848028
1.1075277542408732
1.099047954548839
1.089417644176289
1.0786862111727333
1.06692482124431
1.0542208020056014
1.0406721755895092
1.0263827393275695
1.0114579177603769
0.996001464813248
0.9801129925447434
0.9638862406089926
0.9474079706114102
0.9307573623600438
0.9140057959711225
0.897216918163919
0.8804469082423831
0.8637448763427954
0.8471533419759701
0.8307087540402599
0.8144420241982427
0.7983790539609289
0.7825412423091835
0.7669459655423883
0.7516070246050562
0.7365350576905628
0.7217379176977717
0.7072210153151425
0.6929876292803657
0.6790391858290578
0.6653755095924004
0.6519950482971236
0.6388950736106784
0.6260718603953127
0.6135208465124534
0.6012367751713075
0.5892138216553975
0.5774457060963687
0.5659257938014983
0.5546471844835528
0.5436027915912337
0.532785412796767
0.5221877925649481
0.5118026776055655
0.5016228658987867
0.49164124988095703
0.4818508542865066
0.4722448690604809
0.46281667768589063
0.4535598812109046
0.4444683182131927
0.4355360809026723
0.42675752753960916
0.41812729133229715
0.4096402859769285
0.4012917080108913
0.39307703616830114
0.38499202795132115
0.3770327136605709
0.36919538816011366
0.3614766006843658
0.3538731430229311
0.3463820364420917
0.33900051771607664
0.33172602464539125
0.32455618143223325
0.3174887842639364
0.31052178742490727
0.30365329021687887
0.29688152491841113
0.290204845959841
0.28362172043204187
0.2771307199891778
0.2707305141497631
0.2644198649490635
0.2581976228510243
0.2520627237907642
0.24601418718994406
0.24005111476719013
0.23417268995393692
0.22837817772192004
0.2226669246311981
0.21703835891597598
0.2114919904385494
0.20602741035833083
0.20064429038216292
0.19534238148311375
0.19012151199693744
0.1849925299584958
0.1799652244009176
0.1750380138851322
0.17020947001701253
0.1654783050496967
0.1608433593165218
0.15630358854780346
0.15185805113638323
0.14750589542593798
0.1432463471025801
0.13907869677437118
0.13500228782515183
0.1310165046286983
0.12712076120680924
0.12331449041068201
0.1195971336990466
0.11596813157920166
0.11242691476856559
0.10897289612485976
0.10560546338283401
0.10232397272478373
0.09912774320125292
0.09601605200751823
0.09298813061094406
0.09004316171430456
0.0871802770308778
0.08439855583869225
0.08169702427387306
0.07907465531669183
0.07653036941872386
0.07406303571548704
0.07167147376606786
0.06935445575949496
0.06711070912693833
0.06493891949910954
0.06283773394941804
0.06080576446539113
0.05884159159347647
0.056943768205496605
0.05511082333860057
0.05334126606444486
0.051633589347430585
0.049986273856029384
0.048397791695461205
0.04686661003416791
0.04539119460059319
0.04397001303067987
0.04260153805018734
0.04128425047938378
0.04001664205085711
0.03879721803410123
0.03762449966316313
0.036497026365981934
0.035413357796116894
0.03437207566935716
0.033371785409244466
0.03241111760683497
0.03148872930109573
0.030603305087192084
0.029753558060593183
0.028938230605422825
0.02815609503582951
0.027405954099361404
0.02668664135142563
0.025997021409902784
0.025335990098892126
0.02470247449039408
0.024095432852507308
0.023513854512438988
### factor:4
0.0
9.615419682889305E-4
0.0018532375939493047
0.002680582996913117
0.003448557597586001
0.004161683805487327
0.004824078443724202
0.005439497228355868
0.006011373386399874
0.0065428513068560325
0.00703681596601403
0.007495918743969141
0.007922600147854956
0.00831910987423749
0.008687524574803861
0.009029763633077753
0.009347603213148621
0.009642688802514296
0.009916546438670218
0.01017059278187772
0.010406144173677283
0.01062442480142692
0.010826574072827607
0.01101365329054834
0.011186651705273165
0.011346492015426899
0.01149403537321779
0.011630085949236214
0.011755395101478841
0.011870665189170173
0.011976553066996486
0.012073673291241035
0.012162601065721819
0.01224387495230648
0.012317999368047972
0.012385446888593611
0.01244666037542278
0.012502054942624425
0.012552019777301051
0.012596919826251976
0.012637097360320435
0.012672873426665293
0.012704549198220635
0.012732407228719194
0.01275671262086519
0.012777714114536827
0.012795645101267884
0.01281072457069351
0.012823157994138596
0.012833138150072488
0.01284084589574446
0.012846450888945666
0.012850112263510724
0.012851979261871383
0.012852191827702811
0.012850881161456577
0.012848170241350815
0.012844174312184955
0.012839001344161601
0.012832752463729913
0.012825522358311359
0.012817399656628647
0.0128084672862306
0.012798802809688533
0.01278847874083244
0.012777562842296777
0.012766118405555301
0.01275420451454141
0.012741876293873964
0.012729185142638275
0.01271617895460706
0.012702902325726378
0.01268939674963626
0.012675700801944736
0.012661850313926647
0.012647878536274967
0.012633816293491761
0.012619692129468302
0.012605532444769068
0.012591361626101742
0.037725912496034616
0.06198548249476275
0.08540938569088671
0.10803433983930089
0.12989466811462186
0.1510225140074241
0.17144805672244312
0.19119971742919745
0.21030434970013354
0.22878741031254318
0.24667310911435394
0.26398453867746147
0.2807437858556988
0.2969720280981831
0.3126896175227733
0.32791615548863406
0.34267055990929074
0.3569711269846222
0.3708355885177231
0.38428116557943315
0.3973246190026229
0.4099822970147229
0.4222701802231534
0.43420392412614056
0.4457988993078562
0.4570702294756615
0.46803282749851305
0.47870142960409984
0.4890906278859881
0.49921490126075957
0.509088644999552
0.518726198939569
0.5281418744600265
0.5373499802844676
0.5463648471480005
0.5552008513441452
0.5638724371417619
0.5723941380379596
0.5807805967877766
0.5890465841255447
0.5972070160658469
0.6052769696435089
0.6132716969217169
0.6212066370647795
0.6290974262368938
0.6369599050503058
0.6448101232453162
0.6526643412407184
0.6605390281467195
0.6684508557837352
0.676416688200575
0.6844535661358138
0.6925786858184521
0.7008093714608108
0.7091630407611481
0.7176571627096341
0.7263092069837065
0.7351365842328028
0.7441565765939608
0.7533862578551469
0.7628424027988623
0.77254138542075
0.782499065931866
0.79273066672279
0.8032506377943511
0.8140725125418661
0.8252087552119878
0.8366706018234963
0.8484678968405186
0.8606089283883828
0.8731002652833203
0.8859465995781723
0.8991505986751608
0.9127127712911514
0.9266313516501563
0.9409022061965023
0.9555187668523296
0.9704719943775252
0.98575037473387
1.0013399505265284
1.0172243886266277
1.0333850840118037
1.0498012987492733
1.0664503339453404
1.083307731453915
1.1003475012283415
1.1175423694611206
1.134864042118945
1.1522834781660798
1.1697711666831259
1.1872974022221185
1.204832553071841
1.2223473176084694
1.239812964538857
1.2572015535661742
1.2744861337794002
1.2916409178508552
1.3086414308858636
1.3254646334779208
1.342089019160377
1.3584946869974042
1.3495042328031033
1.341121262080416
1.3333008916681943
1.3260011791350474
1.3191830124567194
1.31280999133199
1.3068483024272712
1.3012665906113445
1.2960358280072968
1.2911291824565918
1.2865218867662642
1.2821911098986833
1.278115831066987
1.2742767175197616
1.270656006636552
1.267237392811336
1.2640059194737336
1.2609478764865598
1.2580507030623578
1.2553028962595358
1.252693925049457
1.2502141498880455
1.2478547476779493
1.2456076419689197
1.243465438213715
1.2414213638735638
1.2394692131500742
1.2376032961086634
1.235818391951336
1.2341097061932857
1.2324728314977527
1.2309037119262525
1.2293986103662797
1.2279540789053802
1.2265669319287664
1.2252342217270313
1.2239532164107358
1.2227213799394283
1.2215363540837838
1.2203959421508364
1.2192980943135505
1.2182408943971146
1.217222547985209
1.2162413717200387
1.2152957836800289
1.2143842947287349
1.213505500737652
1.2126580755942244
1.211840764914415
1.21105238038672
1.2102917946814868
1.20955793686584
1.2088497882704523
1.2081663787598378
1.2075067833628121
1.206870119224289
1.2062555428436914
1.2056622475689778
1.2050894613186356
1.2045364445070261
1.2040024881511782
1.2034869121395646
1.2029890636455791
1.2025083156703744
1.2020440657014622
1.201595734475017
1.2011627648312038
1.200744620653062
1.200340785880568
1.1999507635924427
1.1995740751491326
1.1992102593911234
1.1988588718874218
1.1985194842296127
1.1981916833674195
1.1978750709821449
1.197569262894771
1.197273888505851
1.1969885902646307
1.196709940527877
1.1964183810355784
1.1960661582466945
1.1955679172271492
1.194795447963061
1.1935768037194328
1.191701029852787
1.1889295131839612
1.185013840991221
1.1797182969710718
1.172843374996524
1.1642458219387597
1.1538513098929002
1.141657756146934
1.1277297385527867
1.112186395128359
1.0951860456414224
1.0769105395900707
1.0575514483135606
1.0372991806893028
1.0163352511944144
0.9948273916065606
0.9729269490412304
0.9507679660369573
0.9284674027441768
0.9061260699515189
0.8838299546179771
0.8616517175403517
0.8396522195719267
0.8178819890182925
0.7963825818716014
0.7751878124307134
0.7543248482383879
0.7338151730746041
0.7136754271646174
0.6939181363492276
0.6745523427926055
0.6555841495822052
0.6370171907666948
0.618853037270795
0.6010915478959478
0.5837311733650755
0.5667692201554819
0.5502020797173919
0.5340254276150872
0.5182343961670571
0.502823723315699
0.48778787974329
0.4731211756887524
0.45881784852790375
0.4448721319715515
0.43127830771282705
0.41803074050306865
0.4051238979205976
0.392552356466635
0.3803107960117969
0.36839398495530534
0.3567967586846446
0.34551399399135674
0.3345405819902333
0.3238714018136906
0.31350129694466683
0.30342505556056565
0.2936373957442582
0.28413295592848353
0.27490629051796833
0.26595187030432516
0.257264087061444
0.2488372615794034
0.24066565434927792
0.23274347813101143
0.2250649117019643
0.21762411417656796
0.21041523939260365
0.20343244996558985
0.1966699307118943
0.19012190122892222
0.18378262749497284
0.17764643241176364
0.1717077052600038
0.16596091007419875
0.16040059296882317
0.15502138846587596
0.14981802488528448
0.14478532886612205
0.13991822908937918
0.1352117592731049
0.13066106050891735
0.12626138300580217
0.12200808730325208
0.11789664501150506
0.11392263913216795
0.11008176400804852
0.10636982494668318
0.10278273755791822
0.09931652684202748
0.09596732606125062
0.09273137542432357
0.08960502061054047
0.08658471115712647
0.0836669987311958
0.08085222738808678
0.07814064643725414
0.07552881947964282
0.07301341229799888
0.07059118988784271
0.06825901359703561
0.06601383837120244
0.06385271010181934
0.06177276307338692
0.05977121750579076
0.0578453771877019
0.055992627196688696
0.05421043170159606
0.05249633184269434
0.05084794368510352
0.04926295624105344
0.04773912955664126
0.04627429285888811
0.04486634275907021
0.04351324150850102
0.04221301530316279
0.04096375263382418
0.03976360267852807
0.03861077373458787
0.037503531687485006
0.03644019851431255
0.03541915081965608
0.03443881840204031
0.03349768284929646
0.032594276161419064
0.03172717939968026
0.030895021360954112
0.030096477276372068
0.029330267533583396
0.028595156422031177
0.027889950900775357
0.027213499388500345
0.026564690575435635
0.02594245225699536
0.025345750189007057
0.02477358696445202
0.024225000911680956
0.023699065014099546
0.023194885851340434
0.02271160256195203
0.022248385827640937
0.021804436879105202
0.021378986523490472
0.02097129419349145
0.020580647018107558
0.02020635891504518
0.019847769704739743
0.019504244245950066
0.019175171592855145
0.018859964173560475
0.01855805698989747
0.018268906838375978
0.017991991552126458
0.017726809263645636
0.0174728776881373
0.01722973342721867
0.01699693129274284
0.01677404365046863
0.016560659783291878
0.016356385273735712
0.01616084140538256
0.01597366458291729
0.015794505770438706
0.015623029947686176
0.015458915583818802
0.015301854128376815
0.015151549519048237
0.015007717705858587
0.014870086191397347
0.014738393586691961
0.01461238918233828
0.014491832534495536
0.014376493065354094
0.01426614967768522
0.01416059038308389
0.014059611943518392
0.013963019525803625
0.013870626368619023
0.013782253461696446
0.01369772923680849
0.013616889270193049
0.013539575996055894
0.01346563843079928
0.013394931907631072
0.01332731782121583
0.013262663382036216
0.013200841380140356
0.013141729957958216
0.01308521239187752
0.013031176882277293
0.012979516351724852
0.01293012825104967
0.012882914373015237
0.012837780673317808
0.01279463709864842
0.01275339742156233
0.012713979081907406
0.012676303034570577
0.012640293603308735
0.0126058783404377
0.012572987892160156
0.012541555869320304
0.012511518723379977
0.012482815627417668
0.012455388361958584
0.012429181205450234
0.012404140829204458
0.012380216196632895
0.012357358466608955
0.012335520900795201
0.012314658774780751
0.012294729292878852
0.012275691506440168
0.012257506235542594
0.012240135993923448
0.012223544917024832
0.012207698693027798
0.012192564496755475
0.012178110926329895
0.012164307942471569
0.012151126810335061
0.012138540043777853
0.012126521351963768
0.012115045588205992
0.03725263977215365
0.06151542639753671
0.08494271909764001
0.10757123403430602
0.1294352896501176
0.15056702014986972
0.1709965901002463
0.19075240047303893
0.2098612793836844
0.22834865357719908
0.24623869921689961
0.2635544725559605
0.28031802248548726
0.29655048771940623
0.3122721815679825
0.32750266702053843
0.3422608243868291
0.3565649132002735
0.3704326295813732
0.3838811598573599
0.3969272309500422
0.4095871578648801
0.42187688851474175
0.43381204606440177
0.4454079689639921
0.4566797488351705
0.4676422663726741
0.4783102254208106
0.4886981853770937
0.4988205920633042
0.508691807188337
0.5183261365082111
0.5277378567675105
0.5369412414840681
0.54595058561547
0.5547802291222688
0.5634445794188007
0.5719581326781726
0.5803354939331498
0.5885913958890924
0.5967407163384221
0.6047984940379745
0.612779942880636
0.6207004641604787
0.6285756566958751
0.6364213245375092
0.6442534819476683
0.6520883552936942
0.6599423814522299
0.6678322022724188
0.6757746545963784
0.683786755285365
0.6918856806519074
0.700088739654239
0.7084133401726918
0.7168769476621586
0.7254970354648539
0.7342910260786765
0.7432762227144162
0.7524697305461701
0.7618883671701449
0.7715485619437537
0.781466244085023
0.7916567196758464
0.8021345380333913
0.8129133482908338
0.8240057474565972
0.8354231216908963
0.847175483035085
0.8592713043332426
0.8717173555717829
0.8845185453025641
0.8976777711761318
0.9111957838616315
0.9250710687375955
0.9392997496768031
0.9538755189998395
0.9687895972271383
0.9840307256217619
0.999585193701935
1.0154369029437111
1.0315674668323247
1.04795634630725
1.0645810185377076
1.0814171759204283
1.0984389512644859
1.1156191643657272
1.132929584611296
1.1503412039148113
1.1678245141721573
1.1853497835394868
1.2028873261491961
1.220407760366318
1.2378822513100847
1.2552827340826056
1.2725821149175234
1.289754448247234
1.306775088453298
1.3236208157824798
1.3402699365586004
1.3567023583830644
1.3477404431917814
1.3393875599528524
1.3315986328325795
1.324331533689936
1.3175469727628297
1.3112083807602108
1.3052817846732196
1.2997356793901989
1.2945408969656271
1.2896704751599817
1.2850995266422873
1.28080511003403
1.2767661037750957
1.2729630836111467
1.2693782043381572
1.2659950862937421
1.2627987069559878
1.259775297897901
1.2569122472482883
1.254198007726664
1.2516220102494326
1.2491745830458272
1.2468468761737093
1.2446307912861838
1.2425189164689716
1.240504465944603
1.238581224421851
1.2367434958565517
1.234986056382328
1.2333041111660556
1.231693254942571
1.2301494359855802
1.2286689232764993
1.2272482766395962
1.2258843196199416
1.2245741148899583
1.2233149419804947
1.2221042771430746
1.2209397751610656
1.219819252938775
1.218740674708746
1.217702138708666
1.2167018651901962
1.2157381856325775
1.2148095330440238
1.2139144332435912
1.2130514970253978
1.2122194131157176
1.2114169418415863
1.2106429094371254
1.2098962029208074
1.2091757654833855
1.2084805923321846
1.2078097269429335
1.2071622576753285
1.206537314713088
1.2059340672933991
1.2053517211944142
1.2047895164528477
1.2042467252867772
1.2037226502015017
1.2032166222587675
1.2027279994918838
1.2022561654512127
1.2018005278662784
1.2013605174123008
1.2009355865703502
1.2005252085715536
1.2001288764168734
### factor:5
1.0
1.0100409792777785
1.0196676528096524
1.0288968136233672
1.0377446029642887
1.0462265325070998
1.0543575061872075
1.0621518416010796
1.0696232909362076
1.076785061400829
1.0836498351313324
1.0902297885617307
1.096536611244949
1.1025815241201402
1.1083752972239544
1.1139282668467732
1.119250352137477
1.124351071162432
1.1292395564261135
1.133924569862207
1.1384145173051696
1.1427174624531535
1.1468411403339034
1.1507929702858013
1.1545800684666272
1.1582092599028966
1.161687090092811
1.1650198361759567
1.1682135176828992
1.1712739068777787
1.1742065387069147
1.1770167203662845
1.1797095405005578
1.1822898780461693
1.1847624107306631
1.1871316232403015
1.1894018150676493
1.1915771080505697
1.193661453613769
1.1956586397237357
1.1975722975676086
1.1994059079662116
1.2011628075311789
1.2028461945757962
1.2044591347888745
1.2060045666806782
1.207485306809629
1.2089040547982164
1.210263398146264
1.2115658168494106
1.2128136878304006
1.214009289190504
1.2151548042881264
1.2162523256514144
1.2173038587314167
1.2183113255021136
1.2192765679134039
1.2202013512029006
1.2210873670721758
1.2219362367328765
1.2227495138279327
1.2235286872328712
1.2242751837420671
1.2249903706445697
1.2256755581939645
1.226332001976558
1.2269609051820065
1.2275634207803456
1.2281406536092252
1.228693662375002
1.2292234615711992
1.2297310233177028
1.2302172791239294
1.2306831215790748
1.2311294059724236
1.231556951846585
1.2319665444864039
1.232358936346184
1.2327348484177565
1.2330949715418236
1.2334390561348214
1.2337589312082062
1.2340283194129638
1.2341961904183734
1.2341842023427712
1.2338877359335527
1.2331801654832877
1.2319199036154822
1.229959500688134
1.2271557894363518
1.2233798720778164
1.2185257519175265
1.2125166466915729
1.2053084355851997
1.1968901750652936
1.1872820471596943
1.176531388820295
1.1647075617681664
1.151896381243317
1.138194682365874
1.12370542241806
1.1085335420116982
1.0927826647270158
1.0765526131691074
1.0599376575801458
1.0430253833342293
1.0258960563779707
1.0086223723984513
0.9912694895636909
0.9738952615121192
0.9565506040375051
0.9392799440927254
0.9221217126585999
0.9051088535633576
0.888269328655215
0.8716266061192698
0.8552001235231589
0.839005720693159
0.8230560400453572
0.8073608937609109
0.7919275983905107
0.7767612782504668
0.7618651394465176
0.7472407166186746
0.7328880946062479
0.7188061072345674
0.7049925153586958
0.6914441661896367
0.6781571357929067
0.6651268565001951
0.6523482308206254
0.639815733284492
0.6275235015029358
0.6154654175841475
0.6036351809117285
0.5920263731646032
0.580632516340827
0.5694471244400485
0.5584637493614912
0.5476760214863569
0.5370776853357836
0.5266626306282652
0.5164249190040898
0.5063588066392383
0.49645876293754504
0.48671948546786087
0.4771359113023274
0.4677032249121962
0.45841686278802973
0.44927251497029197
0.4402661237024901
0.43139387944996366
0.4226522145605643
0.4140377948760418
0.4055475096320967
0.397178460008051
0.38892794670156045
0.38079345690788663
0.3727726510758343
0.36486334979317764
0.357063521123741
0.34937126867753343
0.3417848206464043
0.33430251998302607
0.32692281584333527
0.319644256354641
0.312465482716049
0.30538522458690814
0.29840229667445484
0.2915155963949561
0.28472410245411334
0.2780268741724539
0.271423051369612
0.2649118546171474
0.25849258567198913
0.252164627910692
0.2459274465973985
0.23978058883465947
0.23372368306512745
0.22775643801275297
0.22187864097376184
0.21610104441307187
0.21043340804134608
0.20487420272592852
0.19942204374794806
0.19407567924745991
0.1888339784211551
0.18369591952965889
0.17866057778303387
0.17372711318214068
0.16889475840004625
0.16416280679179235
0.15953060062265714
0.15499751960469058
0.15056296982893033
0.14622637317647766
0.14198715728572026
0.1378447461456408
0.13379855137657098
0.12984796425018397
0.1259923484902168
0.12223103388463943
0.11856331072899726
0.1149884251097036
0.11150557502538884
0.10811390733424041
0.10481251550579025
0.10160043814698573
0.09847665826474769
0.09544010322067062
0.09248964532811524
0.08962410303770815
0.08684224265419074
0.08414278052561405
0.08152438564499852
0.07898568260468493
0.07652525484460107
0.07414164813744774
0.07183337425625555
0.06959891477276205
0.06743672493849291
0.06534523760418934
0.06332286713720174
0.06136801330057219
0.05947906506166802
0.05765440430233216
0.05589240940651756
0.054191458705220914
0.05254993376218178
0.05096622248723556
0.049438722067378864
0.04796584170850873
0.04654600518342583
0.04517765318404386
0.04385924547782797
0.04258926287030073
0.0413662089770181
0.04018861180974267
0.03905502518264385
0.03796402994525177
0.03691423504960037
0.03590427845953482
0.03493282791054502
0.03399858152873946
0.03310026831770741
0.0322366485220486
0.03140651387629261
0.030608687747798728
0.029842025182033254
0.02910541285837697
0.02839776896433001
0.027718042995664483
0.027065215489734673
0.026438297698797093
0.025836331209825186
0.025258387516929905
0.02470356755212385
0.024171001179795287
0.023659846659893752
0.02316929008447252
0.049782196452960406
0.07554198002189975
0.1006157212382877
0.1251310287766557
0.14918051431286453
0.17282704902065146
0.1961092343254704
0.2190466961099233
0.24164493722507593
0.2638995823776229
0.28579993369796713
0.3073318258001815
0.32847982308908064
0.34922883733839755
0.3695652608734426
0.3894777134201002
0.4089574935280844
0.4279988130167544
0.446598878674241
0.46475787172686545
0.48247886354377156
0.4997676960509575
0.5166328473637254
0.5330852969652116
0.5491384000500864
0.564807777106925
0.5801112221525498
0.5950686310213804
0.6097019495589928
0.6240351403158599
0.6380941652609348
0.6519069810387704
0.6655035423048902
0.6789158076397348
0.69217774142986
0.7053253039063038
0.7183964202597691
0.7314309184565088
0.7444704241402974
0.7575581999505394
0.7707389158886562
0.7840583372486257
0.7975629173619514
0.8112992842907224
0.8253136139325217
0.8396508870277464
0.8543540344210763
0.8694629835715632
0.88501362940657
0.9010367635150334
0.9175570063589397
0.934591796319606
0.9521504954793262
0.9702336736059655
0.988832627729129
1.0079291844758198
1.0274958163393042
1.0474960826023048
1.0678853828686607
1.0886119887302421
1.1096182997130377
1.1308422555741338
1.1522188296901843
1.1736815280751904
1.1951638248556173
1.2166004763778282
1.23792867063432
1.2590889843946838
1.2800261355667257
1.3006895315771505
1.3210336251469388
1.3410180964306009
1.3606078851735377
1.3797730986724348
1.3984888214026807
1.4167348507513844
1.4344953808821332
1.4517586538012688
1.4685165935443358
1.4847644363091035
1.500500366495911
1.5157251660740825
1.5304418825178496
1.5446555187512938
1.5583727470889068
1.5716016480214674
1.5843514738341606
1.596632436411768
1.6084555181427225
1.6198323045420862
1.6307748370400637
1.6412954842995089
1.6514068304099019
1.6611215783376998
1.6704524670789418
1.679412201047927
1.6880133903368195
1.6962685005885407
1.7041898113344394
1.7117893817555074
1.7190790229290105
1.6990703624446697
1.6799136795843477
1.6615713504105463
1.6440075416254603
1.6271881123074534
1.6110805224145133
1.5956537474515697
1.580878198762823
1.5667256489673516
1.5531691621069652
1.5401830281201974
1.5277427012960845
1.5158247423965694
1.504406764167467
1.493467379985451
1.482986155412861
1.4729435624536786
1.463320936323122
1.4541004345602397
1.4452649983279449
1.4367983157583137
1.4286847872129154
1.420909492338599
1.4134581588087167
1.4063171326483186
1.3994733500495653
1.3929143105905493
1.3866280517769922
1.3806031248319814
1.374828571664077
1.3692939029488342
1.3639890772630898
1.3589044812152944
1.3540309105187989
1.3493595519583201
1.3448819662028817
1.340590071421357
1.3364761276593637
1.332532721938689
1.3287527540426862
1.3251294229531798
1.3216562139063792
1.3183268860371231
1.315135460582487
1.3120762096173784
1.309143645296243
1.306332509576402
1.3036377643998556
1.3010545823116237
1.2985783374938495
1.296204597195984
1.2939291135423936
1.2917478156997009
1.2896568023870714
1.2876523347135245
1.285730829327146
1.2838888518618503
1.2821231106680517
1.2804304508142907
1.2788078483474974
1.2772524048001834
1.2757613419334277
1.2743319967050601
1.2729618164529648
1.2716483542839059
1.2703892646587418
1.2691822991653272
1.2680253024708166
1.2669162084454704
1.2658530364504414
1.2648338877823648
1.2638569422679122
1.2629204550017865
1.262022753221933
1.2611622333160304
1.260337357953593
1.2595466533382775
1.2587887065752283
1.2580621631485316
1.2573657245040673
1.256698145733261
1.2560582333534382
1.25544484318067
1.2548568782911902
1.2542932870676264
1.2537530613264611
1.25323523452329
1.2527388800325998
1.2522631094989263
1.251807071256392
1.251369948813753
1.2509509594022077
1.2505493525833369
1.2501644089146635
1.2497954386704198
1.2494417806152198
1.2491028008284306
1.2487778915771284
1.2484664702356185
1.2481679782495818
1.247881880142992
1.2476076625660293
1.2473448333822867
1.2470929207936425
1.2468514725012338
1.2466200549010398
1.2463982523126376
1.2461856662397628
1.2459819146613555
1.2457866313518327
1.2455994652293798
1.2454200797311052
1.245248152213945
1.2450833733802582
1.2449254467270938
1.24477408801815
1.2446290247774936
1.2444899958041404
1.244356750706637
1.2442290494568198
1.2441066619619605
1.243989367654543
1.2438769550989424
1.2437692216143112
1.2436659729130073
1.2435670227539197
1.243472192610084
1.2433813113499934
1.243294214932047
1.243209886385065
1.2431196353399148
1.2429968925238595
1.2427904980508984
1.2424220724599233
1.2417869780376483
1.2407585156866523
1.2391949002427762
1.2369483037937383
1.2338749667476212
1.2298451801441086
1.2247519421923883
1.218517321207603
1.2110959671756336
1.2024756955479676
1.192675496547037
1.1817416115787927
1.1697424331484378
1.1567629472268417
1.1428992996291694
1.1282538885948874
1.1129312104082991
1.0970345408962399
1.0806634331325506
1.0639119490163802
1.0468675118741988
1.0296102594568894
1.0122127830866214
0.9947401525801162
0.9772501433173012
0.9597935985719451
0.9424148754143138
0.9251523354548208
0.908038852280256
0.8911023157942698
0.8743661201017866
0.8578496264040467
0.8415685959161514
0.825535590364441
0.8097603394031726
0.7942500754998029
0.7790098376260173
0.7640427455732658
0.7493502469747334
0.7349323392259104
0.720787768501537
0.7069142080028344
0.6933084174608434
0.6799663857872685
0.6668834586159338
0.6540544523243272
0.6414737559714567
0.629135422439054
0.617033249920395
0.6051608547660428
0.5935117365694864
0.58207933625841
0.5708570878494559
0.559838464426077
0.5490170188106268
0.5383864193234924
0.5279404809541671
0.5176731922120487
0.5075787378787878
0.49765151784948236
0.48788616222704245
0.478277542822537
0.4688207812138422
0.4595112535246349
0.45034459210443806
0.4413166843163101
0.4324236686697074
0.42366192856950163
0.41502808398532487
0.40651898137546977
0.3981316822237412
0.3898634505634929
0.38171173986867085
0.3736741796857823
0.36574856236287356
0.3579328302022167
0.3502250633236754
0.3426234684775169
0.3351263689911717
0.327732195976818
0.32043948086847374
0.3132468493011654
0.3061530162930246
0.2991567826457021
0.29225703244059814
0.2854527314788351
0.2787429264918681
0.2721267449368893
0.26560339518613246
0.2591721669209525
0.25283243154913004
0.24658364247615724
0.2404253350772494
0.2343571262355217
0.2283787133323085
0.22248987259724512
0.21670141620239072
0.21102315386932416
0.20545353223009144
0.1999911438703851
0.194634715811652
0.18938309773707743
0.18423525001785077
0.1791902316079013
0.17424718788449844
0.16940533851880077
0.16466396546470383
0.16002240115629168
0.15548001700397474
0.15103621227714656
0.14669040345708567
0.1424420141380487
0.13829046554725793
0.13423516774600153
0.13027551156457673
0.12641086131357035
0.12264054830323907
0.11896386519178882
0.11538006117240591
0.11188833799820579
0.10848784683405613
0.10517768591469791
0.10195689897989457
0.09882447444962122
0.09577934529565947
0.09282038956045306
0.08994643146973413
0.08715624308224512
0.08444854641782572
0.08182201600414923
0.07927528178240031
0.07680693231309041
0.07441551822490416
0.07209955585184367
0.06985753100687365
0.06768790284365336
0.06558910776165838
0.06355956331394366
0.061597672080880204
0.059701825477326664
0.057870407464795943
0.05610179814418228
0.05439437720847089
0.05274652723851753
0.05115663682842549
0.04962310353023868
0.048144336610595834
0.04671875961464405
0.0453448127348878
0.04402095498475547
0.04274566617850724
0.04151744872069638
0.04033482920974513
0.03919635986132116
0.03810061975811917
0.037046215933380526
0.03603178429604182
0.035055990405806384
0.03411753010670039
0.033215130027822226
0.03234754796003707
0.031513573117321954
0.03071202629134451
0.029941759907672613
0.029201657991774446
### END
