### NP, NF, NT, dt
3 4 1000 0.4
### promoter data
#   name
#   type, strength, number of genes
#   factor name
#   k, n
###
p1
1 0.5 1
input 1
0.9 2
pA
1 0.5 1
A
0.9 2
pB
1 0.5 1
B
0.9 2
### factor data
#   name
#   degeneration, copy rate, number of genes
#   initial value
#   input type, timing, strength
###
input 1
0.05 0.1 1
0.0
1 100.0 1.0
A
0.05 0.3 1
0.0
0 0.0 1.0
B
0.05 0.3 1
0.0
0 0.0 1.0
C
0.05 0.3 1
0.0
0 0.0 1.0
### input type
1
### input data
### factor:0
0.0
0.0
0.0
0.0
0.0
0.0
0.0
0.0
0.0
0.0
0.0
0.0
0.0
0.0
0.0
0.0
0.0
0.0
0.0
0.0
0.0
0.0
0.0
0.0
0.0
0.0
0.0
0.0
0.0
0.0
0.0
0.0
0.0
0.0
0.0
0.0
0.0
0.0
0.0
0.0
0.0
0.0
0.0
0.0
0.0
0.0
0.0
0.0
0.0
0.0
0.0
0.0
0.0
0.0
0.0
0.0
0.0
0.0
0.0
0.0
0.0
0.0
0.0
0.0
0.0
0.0
0.0
0.0
0.0
0.0
0.0
0.0
0.0
0.0
0.0
0.0
0.0
0.0
0.0
0.0
0.0
0.0
0.0
0.0
0.0
0.0
0.0
0.0
0.0
0.0
0.0
0.0
0.0
0.0
0.0
0.0
0.0
0.0
0.0
0.0
0.0
0.0
0.0
0.0
0.0
0.0
0.0
0.0
0.0
0.0
0.0
0.0
0.0
0.0
0.0
0.0
0.0
0.0
0.0
0.0
0.0
0.0
0.0
0.0
0.0
0.0
0.0
0.0
0.0
0.0
0.0
0.0
0.0
0.0
0.0
0.0
0.0
0.0
0.0
0.0
0.0
0.0
0.0
0.0
0.0
0.0
0.0
0.0
0.0
0.0
0.0
0.0
0.0
0.0
0.0
0.0
0.0
0.0
0.0
0.0
0.0
0.0
0.0
0.0
0.0
0.0
0.0
0.0
0.0
0.0
0.0
0.0
0.0
0.0
0.0
0.0
0.0
0.0
0.0
0.0
0.0
0.0
0.0
0.0
0.0
0.0
0.0
0.0
0.0
0.0
0.0
0.0
0.0
0.0
0.0
0.0
0.0
0.0
0.0
0.0
0.0
0.0
0.0
0.0
0.0
0.0
0.0
0.0
0.0
0.0
0.0
0.0
0.0
0.0
0.0
0.0
0.0
0.0
0.0
0.0
0.0
0.0
0.0
0.0
0.0
0.0
0.0
0.0
0.0
0.0
0.0
0.0
0.0
0.0
0.0
0.0
0.0
0.0
0.0
0.0
0.0
0.0
0.0
0.0
0.0
0.0
0.0
0.0
0.0
0.0
1.0
1.0
1.0
1.0
1.0
1.0
1.0
1.0
1.0
1.0
1.0
1.0
1.0
1.0
1.0
1.0
1.0
1.0
1.0
1.0
1.0
1.0
1.0
1.0
1.0
1.0
1.0
1.0
1.0
1.0
1.0
1.0
1.0
1.0
1.0
1.0
1.0
1.0
1.0
1.0
1.0
1.0
1.0
1.0
1.0
1.0
1.0
1.0
1.0
1.0
1.0
1.0
1.0
1.0
1.0
1.0
1.0
1.0
1.0
1.0
1.0
1.0
1.0
1.0
1.0
1.0
1.0
1.0
1.0
1.0
1.0
1.0
1.0
1.0
1.0
1.0
1.0
1.0
1.0
1.0
1.0
1.0
1.0
1.0
1.0
1.0
1.0
1.0
1.0
1.0
1.0
1.0
1.0
1.0
1.0
1.0
1.0
1.0
1.0
1.0
1.0
1.0
1.0
1.0
1.0
1.0
1.0
1.0
1.0
1.0
1.0
1.0
1.0
1.0
1.0
1.0
1.0
1.0
1.0
1.0
1.0
1.0
1.0
1.0
1.0
1.0
1.0
1.0
1.0
1.0
1.0
1.0
1.0
1.0
1.0
1.0
1.0
1.0
1.0
1.0
1.0
1.0
1.0
1.0
1.0
1.0
1.0
1.0
1.0
1.0
1.0
1.0
1.0
1.0
1.0
1.0
1.0
1.0
1.0
1.0
1.0
1.0
1.0
1.0
1.0
1.0
1.0
1.0
1.0
1.0
1.0
1.0
1.0
1.0
1.0
1.0
1.0
1.0
1.0
1.0
1.0
1.0
1.0
1.0
1.0
1.0
1.0
1.0
1.0
1.0
1.0
1.0
1.0
1.0
1.0
1.0
1.0
1.0
1.0
1.0
1.0
1.0
1.0
1.0
1.0
1.0
1.0
1.0
1.0
1.0
1.0
1.0
1.0
1.0
1.0
1.0
1.0
1.0
1.0
1.0
1.0
1.0
1.0
1.0
1.0
1.0
1.0
1.0
1.0
1.0
1.0
1.0
1.0
1.0
1.0
1.0
1.0
1.0
1.0
1.0
1.0
1.0
1.0
1.0
1.0
1.0
1.0
1.0
1.0
1.0
1.0
1.0
1.0
1.0
1.0
1.0
1.0
1.0
1.0
1.0
1.0
1.0
1.0
1.0
1.0
1.0
1.0
1.0
1.0
1.0
1.0
1.0
1.0
1.0
1.0
1.0
1.0
1.0
1.0
1.0
1.0
1.0
1.0
1.0
1.0
1.0
1.0
1.0
1.0
1.0
1.0
1.0
1.0
1.0
1.0
1.0
1.0
1.0
1.0
1.0
1.0
1.0
1.0
1.0
1.0
1.0
1.0
1.0
1.0
1.0
1.0
1.0
1.0
1.0
1.0
1.0
1.0
1.0
1.0
1.0
1.0
1.0
1.0
1.0
1.0
1.0
1.0
1.0
1.0
1.0
1.0
1.0
1.0
1.0
1.0
1.0
1.0
1.0
1.0
1.0
1.0
1.0
1.0
1.0
1.0
1.0
1.0
1.0
1.0
1.0
1.0
1.0
1.0
1.0
1.0
1.0
1.0
1.0
1.0
1.0
1.0
1.0
1.0
1.0
1.0
1.0
1.0
1.0
1.0
1.0
1.0
1.0
1.0
1.0
1.0
1.0
1.0
1.0
1.0
1.0
1.0
1.0
1.0
1.0
1.0
1.0
1.0
1.0
1.0
1.0
1.0
1.0
1.0
1.0
1.0
1.0
1.0
1.0
1.0
1.0
1.0
1.0
1.0
1.0
1.0
1.0
1.0
1.0
1.0
1.0
1.0
1.0
1.0
1.0
1.0
1.0
1.0
1.0
1.0
1.0
1.0
1.0
1.0
1.0
1.0
1.0
1.0
1.0
1.0
1.0
1.0
1.0
1.0
1.0
1.0
1.0
1.0
1.0
1.0
1.0
1.0
1.0
1.0
1.0
1.0
1.0
1.0
1.0
1.0
1.0
1.0
1.0
1.0
1.0
1.0
1.0
1.0
1.0
1.0
1.0
1.0
1.0
1.0
1.0
1.0
1.0
1.0
1.0
1.0
1.0
1.0
1.0
1.0
1.0
1.0
1.0
1.0
1.0
1.0
1.0
1.0
1.0
1.0
1.0
1.0
1.0
1.0
1.0
1.0
1.0
1.0
1.0
1.0
1.0
1.0
1.0
1.0
1.0
1.0
1.0
1.0
1.0
1.0
1.0
1.0
1.0
1.0
1.0
1.0
1.0
1.0
1.0
1.0
1.0
1.0
1.0
1.0
1.0
1.0
1.0
1.0
1.0
1.0
1.0
1.0
1.0
1.0
1.0
1.0
1.0
1.0
1.0
1.0
1.0
1.0
1.0
1.0
1.0
1.0
1.0
1.0
1.0
1.0
1.0
1.0
1.0
1.0
1.0
1.0
1.0
1.0
1.0
1.0
1.0
1.0
1.0
1.0
1.0
1.0
1.0
1.0
1.0
1.0
1.0
1.0
1.0
1.0
1.0
1.0
1.0
1.0
1.0
1.0
1.0
1.0
1.0
1.0
1.0
1.0
1.0
1.0
1.0
1.0
1.0
1.0
1.0
1.0
1.0
1.0
1.0
1.0
1.0
1.0
1.0
1.0
1.0
1.0
1.0
1.0
1.0
1.0
1.0
1.0
1.0
1.0
1.0
1.0
1.0
1.0
1.0
1.0
1.0
1.0
1.0
1.0
1.0
1.0
1.0
1.0
1.0
1.0
1.0
1.0
1.0
1.0
1.0
1.0
1.0
1.0
1.0
1.0
1.0
1.0
1.0
1.0
1.0
1.0
1.0
1.0
1.0
1.0
1.0
1.0
1.0
1.0
1.0
1.0
1.0
1.0
1.0
1.0
1.0
1.0
1.0
1.0
1.0
1.0
1.0
1.0
1.0
1.0
1.0
1.0
1.0
1.0
1.0
1.0
1.0
1.0
1.0
1.0
1.0
1.0
1.0
1.0
1.0
1.0
1.0
1.0
1.0
1.0
1.0
1.0
1.0
1.0
1.0
1.0
1.0
1.0
1.0
1.0
1.0
1.0
1.0
1.0
1.0
1.0
1.0
1.0
1.0
1.0
1.0
1.0
1.0
1.0
1.0
1.0
1.0
1.0
1.0
1.0
1.0
1.0
1.0
1.0
1.0
1.0
1.0
1.0
1.0
1.0
1.0
1.0
1.0
1.0
1.0
1.0
1.0
1.0
1.0
1.0
1.0
1.0
1.0
1.0
1.0
1.0
1.0
1.0
1.0
1.0
1.0
1.0
1.0
1.0
1.0
1.0
1.0
1.0
1.0
### factor:1
0.0
0.0
0.0
0.0
0.0
0.0
0.0
0.0
0.0
0.0
0.0
0.0
0.0
0.0
0.0
0.0
0.0
0.0
0.0
0.0
0.0
0.0
0.0
0.0
0.0
0.0
0.0
0.0
0.0
0.0
0.0
0.0
0.0
0.0
0.0
0.0
0.0
0.0
0.0
0.0
0.0
0.0
0.0
0.0
0.0
0.0
0.0
0.0
0.0
0.0
0.0
0.0
0.0
0.0
0.0
0.0
0.0
0.0
0.0
0.0
0.0
0.0
0.0
0.0
0.0
0.0
0.0
0.0
0.0
0.0
0.0
0.0
0.0
0.0
0.0
0.0
0.0
0.0
0.0
0.0
0.0
0.0
0.0
0.0
0.0
0.0
0.0
0.0
0.0
0.0
0.0
0.0
0.0
0.0
0.0
0.0
0.0
0.0
0.0
0.0
0.0
0.0
0.0
0.0
0.0
0.0
0.0
0.0
0.0
0.0
0.0
0.0
0.0
0.0
0.0
0.0
0.0
0.0
0.0
0.0
0.0
0.0
0.0
0.0
0.0
0.0
0.0
0.0
0.0
0.0
0.0
0.0
0.0
0.0
0.0
0.0
0.0
0.0
0.0
0.0
0.0
0.0
0.0
0.0
0.0
0.0
0.0
0.0
0.0
0.0
0.0
0.0
0.0
0.0
0.0
0.0
0.0
0.0
0.0
0.0
0.0
0.0
0.0
0.0
0.0
0.0
0.0
0.0
0.0
0.0
0.0
0.0
0.0
0.0
0.0
0.0
0.0
0.0
0.0
0.0
0.0
0.0
0.0
0.0
0.0
0.0
0.0
0.0
0.0
0.0
0.0
0.0
0.0
0.0
0.0
0.0
0.0
0.0
0.0
0.0
0.0
0.0
0.0
0.0
0.0
0.0
0.0
0.0
0.0
0.0
0.0
0.0
0.0
0.0
0.0
0.0
0.0
0.0
0.0
0.0
0.0
0.0
0.0
0.0
0.0
0.0
0.0
0.0
0.0
0.0
0.0
0.0
0.0
0.0
0.0
0.0
0.0
0.0
0.0
0.0
0.0
0.0
0.0
0.0
0.0
0.0
0.0
0.0
0.0
0.0
0.0
2.6574504081326217E-5
2.0791150920013344E-4
6.852702580680868E-4
0.0015842198360743426
0.0030140656824491205
0.005067758578976558
0.007822220831905292
0.011339014245954005
0.01566527140157141
0.02083481431633716
0.02686939122361712
0.03377997139975786
0.041568048377690736
0.05022691244383082
0.059742863271962494
0.07009634242610269
0.08126297301932288
0.09321449997832892
0.1059196291873267
0.11934476739783884
0.133454667360958
0.14821298434448407
0.16358275121342833
0.17952677973631384
0.19600799586804687
0.21298971656646595
0.23043587531545395
0.2483112030241883
0.26658137040392454
0.2852130973305337
0.3041742341111493
0.32343381900593887
0.3429621158234427
0.36273063491716995
0.382712140465455
0.40288064651655253
0.4232114039253507
0.44368087999452294
0.4642667323583345
0.48494777840825
0.5057039613524187
0.5265163138225842
0.5473669197886661
0.5682388754101233
0.589116249341417
0.6099840429139091
0.6308281505360842
0.6516353205860717
0.672393117013286
0.6930898818180695
0.7137146985381513
0.734257356837376
0.7547083182644932
0.7750586832269684
0.7953001592060356
0.8154250302239279
0.8354261275618394
0.8552968017172433
0.8750308955813045
0.8946227188109593
0.9140670233654926
0.9333589801738934
0.9524941568967022
0.9714684967443067
0.9902782983125524
1.0089201963959902
1.0273911437389722
1.045688393685061
1.0638094836857401
1.0817522196301723
1.0995146609586643
1.1170951065235575
1.1344920811624009
1.1517043229494803
1.1687307710930255
1.1855705544466975
1.2022229806052425
1.2186875255554759
1.2349638238550262
1.251051659312512
1.2669509561440353
1.282661770582056
1.2981842829138561
1.313518789927903
1.3286656977474878
1.3436255150320306
1.35839884652743
1.3729863869477623
1.387388915171542
1.401607288736596
1.4156424386184316
1.429495364277742
1.4431671289634367
1.4566588552582878
1.4699717208549372
1.4831069545506574
1.4960658324498464
1.5088496743638113
1.5214598403979365
1.5338977277168366
1.546164767478589
1.55826242192959
1.5701921816520212
1.58195556295632
1.5935541054114402
1.6049893695060578
1.616262934434227
1.6273763959993226
1.6383313646304178
1.6491294635055462
1.6597723267765734
1.6702615978906759
1.680598928003672
1.6907859744806908
1.7008243994798926
1.7107158686151667
1.7204620496939353
1.7300646115263887
1.7395252228026528
1.7488455510345706
1.7580272615589367
1.767072016599182
1.7759814743826547
1.7847572883107812
1.7934011061795225
1.8019145694476706
1.8102993125506455
1.818556962257569
1.8266891370694978
1.8346974466567998
1.842583491333757
1.8503488615685673
1.8579951375270065
1.8655238886480967
1.8729366732502002
1.880235038166041
1.887420518405222
1.8944946368428717
1.901458903933128
1.9083148174462161
1.9150638622279452
1.9217075099804983
1.9282472190634452
1.934684434313958
1.9410205868852548
1.9472570941023475
1.9533953593342042
1.9594367718814885
1.9653827068790688
1.9712345252125312
1.976993573447967
1.9826611837743362
1.9882386739577436
1.9937273473069925
1.9991284926498132
2.0044433843191882
2.009673282149225
2.014819431480055
2.019883063171251
2.0248653936232968
2.029767624806644
2.0345909442979297
2.0393365253229394
2.044005526805916
2.048599093424847
2.0531183556723627
2.0575644299219134
2.0619384184988863
2.0662414097563646
2.070474478155223
2.0746386843482814
2.078735075268246
2.082764684219182
2.0867285309712726
2.090627621858631
2.0944629498799427
2.098235494801732
2.1019462232640382
2.105596088888328
2.109186032387443
2.1127169816774214
2.1161898519910216
2.1196055459927927
2.1229649538955413
2.1262689535780512
2.129518410703922
2.132714178841396
2.135857099584051
2.1389480026722447
2.1419877061151973
2.144977016313606
2.1479167281826985
2.1508076252756223
2.1536504799070864
2.1564460532771648
2.159195095595188
2.16189834620364
2.1645565337019885
2.167170376070387
2.169740580793173
2.172267844982114
2.174752855499328
2.177196289079841
2.179598812453714
2.181961082467705
2.184283746206407
2.186567441112832
2.1888127951083898
2.191020426712229
2.193190945159907
2.195324950521348
2.197423033818064
2.199485777139608
2.201513753759233
2.203507528248729
2.2054676565924156
2.2073946863002725
2.209289156520178
2.2111515981492507
2.2129825339442606
2.2147824786311103
2.2165519390133603
2.218291414079791
2.2200013951109856
2.2216823657849285
2.2233348022816037
2.224959173386589
2.226555940593637
2.228125558206234
2.229668473438136
2.2311851265128726
2.2326759507622174
2.23414137272362
2.2355818122365987
2.23699768253809
2.2383893903567573
2.2397573360062544
2.241101913477447
2.242423510529591
2.2437225087804706
2.2449992837954955
2.246254205175763
2.247487636645085
2.2486999361359836
2.2498914558746588
2.2510625424649344
2.2522135369711838
2.2533447750002398
2.2544565867822985
2.2555492972508167
2.2566232261214108
2.2576786879697632
2.258715992308545
2.2597354436633545
2.2607373416476846
2.2617219810369247
2.2626896518414
2.2636406393784614
2.2645752243436275
2.2654936828807917
2.266396286651498
2.267283302903294
2.268154994537171
2.2690116201740964
2.269853434220651
2.270680686933771
2.2714936244846133
2.272292489021545
2.273077518732267
2.2738489479050856
2.2746070069893283
2.2753519226549277
2.2760839178511714
2.276803211864628
2.277510020376263
2.2782045555177444
2.27888702592696
2.279557636802738
2.2802165899587967
2.280864083876916
2.281500313759354
2.282125471580507
2.282739746137825
2.283343323101995
2.2839363850663896
2.2845191115958063
2.285091679274488
2.285654261753449
2.286207029797102
2.2867501513292043
2.2872837914781243
2.287808112621444
2.2883232744298967
2.288829433910658
2.2893267454499897
2.2898153608552496
2.2902954293962754
2.2907670978461465
2.291230510521338
2.291685809321269
2.2921331337672544
2.2925726210408737
2.2930044060217543
2.293428621324786
2.2938453973367685
2.294254862252504
2.294657142110338
2.2950523608271585
2.2954406402328593
2.2958221001042776
2.2961968581986087
2.2965650302863088
2.2969267301834893
2.2972820697838134
2.2976311590899003
2.297974106244242
2.2983110175596413
2.2986419975491796
2.298967148955717
2.299286572780933
2.299600368313916
2.299908633159306
2.3002114632649966
2.300508952949404
2.300801194928309
2.301088280341277
2.3013702987776616
2.3016473383022027
2.301919485480216
2.3021868254023885
2.3024494417091828
2.302707416614851
2.3029608309310734
2.303209764090219
2.3034542941682377
2.303694497907188
2.303930450737407
2.3041622267993276
2.3043898989649447
2.3046135388589426
2.304833216879481
2.305049002218651
2.3052609628826017
2.305469165711345
2.3056736763982406
2.3058745595091703
2.3060718785014016
2.3062656957421486
2.3064560725268333
2.306643069097052
2.3068267446582515
2.3070071573971203
2.3071843644986956
2.307358422163197
2.3075293856225843
2.307697309156847
2.3078622461100307
2.3080242489060003
2.3081833690639484
2.308339657213651
2.308493163110475
2.308643935650136
2.3087920228832237
2.3089374720294815
2.3090803294918576
2.3092206408703233
2.309358450975467
2.309493803841863
2.309626742741222
2.3097573101953257
2.3098855479887486
2.31001149718137
2.310135198120681
2.3102566904538864
2.31037601313981
2.310493204460601
2.3106083020332493
2.3107213428209072
2.3108323631440273
2.310941398691314
2.311048484530493
2.3111536551189062
2.311256944313924
2.3113583853831927
2.311458011014704
2.3115558533267033
2.3116519438774303
2.3117463136746967
2.311838993185307
2.311930012344319
2.3120194005641537
2.3121071867435488
2.3121933992763664
2.3122780660602524
2.3123612145051493
2.3124428715416694
2.312523063629326
2.312601816764626
2.3126791564890303
2.312755107896776
2.3128296956425713
2.3129029439491595
2.3129748766147546
2.3130455170203548
2.3131148881369303
2.313183012532493
2.313249912379043
2.313315609459402
2.31338012517393
2.3134434805471273
2.3135056962341283
2.313566792527082
2.3136267893614275
2.3136857063220613
2.3137435626494023
2.313800377245353
2.313856168679158
2.3139109551931694
2.313964754708505
2.3140175848306193
2.314069462854775
2.3141204057714235
2.314170430271494
2.3142195527515903
2.314267789319104
2.3143151557972352
2.314361667729932
2.3144073403867442
2.3144521887675937
2.314496227607466
2.3145394713810172
2.314581934307109
2.3146236303532595
2.314664573240022
2.314704776445289
2.3147442532085196
2.3147830165348995
2.314821079199424
2.314858453750917
2.3148951525159758
2.314931187602853
2.3149665709052685
2.3150013141061576
2.315035428681355
2.3150689259032142
2.3151018168441673
2.3151341123802207
2.315165823194393
2.315196959780092
2.315227532444436
2.3152575513115146
2.315287026325598
2.3153159672542856
2.3153443836916052
2.315372285061055
2.315399680618597
2.3154265794555937
2.3154529905017007
2.3154789225277033
2.3155043841483063
2.3155293838248783
2.315553929868144
2.315578030440833
2.315601693560282
2.315624927100992
2.3156477387971406
2.3156701362450525
2.3156921269056245
2.315713718106712
2.315734917045471
2.315755730790661
2.3157761662849077
2.315796230346926
2.3158159296737066
2.31583527084266
2.3158542603137295
2.3158729044314605
2.315891209427041
2.315909181420301
2.3159268264216792
2.3159441503341567
2.3159611589551545
2.3159778579784005
2.3159942529957616
2.3160103494990465
2.3160261528817743
2.3160416684409144
2.316056901378595
2.316071856803782
2.316086539733929
2.3161009550965974
2.3161151077310502
2.3161290023898156
2.316142643740225
2.3161560363659226
2.316169184768351
2.316182093368209
2.3161947665068827
2.316207208447855
2.316219423378087
2.316231415409378
2.3162431885796995
2.316254746854507
2.3162660941280286
2.316277234224531
2.316288170899562
2.3162989078411758
2.316309448671128
2.316319796946061
2.3163299561586577
2.316339929738782
2.3163497210545985
2.316359333413668
2.316368770064029
2.316378034195258
2.3163871289395095
2.316396057372542
2.3164048225147207
2.3164134273320074
2.316421874736929
2.316430167589533
2.3164383086983196
2.3164463008211666
2.31645414666623
2.316461848892833
2.316469410112336
2.3164768328889966
2.3164841197408084
2.316491273140329
2.3164982955154914
2.3165051892504023
2.3165119566861256
2.3165186001214524
2.3165251218136564
2.3165315239792377
2.3165378087946515
2.3165439783970263
2.3165500348848664
2.3165559803187445
2.3165618167219812
2.3165675460813113
2.31657317034754
2.3165786914361877
2.3165841112281207
2.316589431570174
2.31659465427576
2.3165997811254706
2.316604813867663
2.31660975421904
2.316614603865217
2.3166193644612805
2.316624037632337
2.3166286249740495
2.3166331280531685
2.3166375484080493
2.3166418875491637
2.3166461469596
2.316650328095556
2.3166544323868226
2.316658461237257
2.316662416025252
2.316666298104191
2.3166701088028994
2.3166738494260866
2.31667752125478
2.316681125546751
2.316684663536934
2.3166881364378367
2.3166915454399457
2.316694891712122
2.3166981764019905
2.316701400636324
2.316704565521417
2.3167076721434574
2.316710721568887
2.3167137148447576
2.3167166529990824
2.316719537041178
2.3167223679620026
2.316725146734486
2.3167278743138566
2.3167305516379604
2.3167331796275743
2.316735759186715
2.316738291202941
2.3167407765476504
2.3167432160763743
2.3167456106290607
2.3167479610303574
2.3167502680898897
2.316752532602531
2.316754755348669
2.3167569370944685
2.3167590785921286
2.3167611805801354
2.31676324378351
2.3167652689140525
2.3167672566705804
2.3167692077391644
2.316771122793359
2.31677300249443
2.3167748474915753
2.3167766584221456
2.316778435911857
2.316780180575004
2.3167818930146638
2.3167835738229026
2.3167852235809727
2.316786842859511
2.316788432218729
2.316789992208604
2.316791523369064
2.316793026230169
2.3167945013122915
2.316795949126292
2.3167973701736915
2.316798764946841
2.316800133929088
2.3168014775949404
2.3168027964102262
2.3168040908322527
2.3168053613099593
2.3168066082840713
2.3168078321872483
2.3168090334442306
2.3168102124719847
2.3168113696798427
2.3168125054696422
2.316813620235862
2.316814714365757
2.316815788239489
2.3168168422302546
2.3168178767044147
2.3168188920216166
2.3168198885349165
2.3168208665909007
2.316821826529802
2.316822768685616
2.3168236933862163
2.316824600953462
2.316825491703312
2.316826365945929
2.3168272239857863
2.3168280661217726
2.316828892647292
2.3168297038503654
2.3168305000137273
2.3168312814149234
2.316832048326405
2.3168328010156216
2.316833539745112
2.316834264772595
2.3168349763510556
2.316835674728833
2.3168363601497046
2.3168370328529693
2.3168376930735297
2.316838341041972
2.3168389769846454
2.3168396011237378
2.3168402136773545
2.3168408148595905
2.3168414048806047
2.3168419839466927
2.316842552260355
2.3168431100203692
2.3168436574218556
2.3168441946563463
2.3168447219118486
2.316845239372912
2.3168457472206887
2.316846245632998
2.3168467347843857
2.316847214846186
2.316847685986577
2.3168481483706422
2.3168486021604244
2.3168490475149826
2.3168494845904464
2.3168499135400697
2.3168503345142835
2.3168507476607467
2.3168511531243987
2.3168515510475074
2.316851941569719
2.3168523248281057
2.3168527009572135
2.3168530700891083
2.3168534323534207
2.316853787877391
2.3168541367859135
2.3168544792015795
2.316854815244719
2.316855145033442
2.31685546868368
2.316855786309226
2.3168560980217725
2.316856403930951
2.3168567041443704
2.3168569987676535
2.316857287904473
2.3168575716565876
2.3168578501238772
2.3168581234043786
2.316858391594317
2.3168586547881405
2.316858913078554
2.3168591665565486
2.3168594153114355
2.3168596594308752
2.316859899000909
2.316860134105988
2.3168603648290023
2.3168605912513107
2.3168608134527675
2.3168610315117513
2.3168612455051916
2.316861455508595
2.316861661596073
2.316861863840365
2.3168620623128664
2.3168622570836517
2.316862448221499
2.3168626357939144
2.316862819867154
2.31686300050625
2.316863177775028
2.316863351736136
2.31686352245106
2.3168636899801482
2.316863854382633
2.316864015716649
2.3168641740392544
2.3168643294064513
2.3168644818732047
2.316864631493462
2.31686477832017
2.316864922405296
2.3168650637998445
2.3168652025538745
2.3168653387165183
2.316865472335997
2.316865603459638
2.3168657321338926
2.3168658584043493
2.3168659823157536
2.31686610391202
2.3168662232362496
2.316866340330744
### factor:2
0.0
0.0
0.0
0.0
0.0
0.0
0.0
0.0
0.0
0.0
0.0
0.0
0.0
0.0
0.0
0.0
0.0
0.0
0.0
0.0
0.0
0.0
0.0
0.0
0.0
0.0
0.0
0.0
0.0
0.0
0.0
0.0
0.0
0.0
0.0
0.0
0.0
0.0
0.0
0.0
0.0
0.0
0.0
0.0
0.0
0.0
0.0
0.0
0.0
0.0
0.0
0.0
0.0
0.0
0.0
0.0
0.0
0.0
0.0
0.0
0.0
0.0
0.0
0.0
0.0
0.0
0.0
0.0
0.0
0.0
0.0
0.0
0.0
0.0
0.0
0.0
0.0
0.0
0.0
0.0
0.0
0.0
0.0
0.0
0.0
0.0
0.0
0.0
0.0
0.0
0.0
0.0
0.0
0.0
0.0
0.0
0.0
0.0
0.0
0.0
0.0
0.0
0.0
0.0
0.0
0.0
0.0
0.0
0.0
0.0
0.0
0.0
0.0
0.0
0.0
0.0
0.0
0.0
0.0
0.0
0.0
0.0
0.0
0.0
0.0
0.0
0.0
0.0
0.0
0.0
0.0
0.0
0.0
0.0
0.0
0.0
0.0
0.0
0.0
0.0
0.0
0.0
0.0
0.0
0.0
0.0
0.0
0.0
0.0
0.0
0.0
0.0
0.0
0.0
0.0
0.0
0.0
0.0
0.0
0.0
0.0
0.0
0.0
0.0
0.0
0.0
0.0
0.0
0.0
0.0
0.0
0.0
0.0
0.0
0.0
0.0
0.0
0.0
0.0
0.0
0.0
0.0
0.0
0.0
0.0
0.0
0.0
0.0
0.0
0.0
0.0
0.0
0.0
0.0
0.0
0.0
0.0
0.0
0.0
0.0
0.0
0.0
0.0
0.0
0.0
0.0
0.0
0.0
0.0
0.0
0.0
0.0
0.0
0.0
0.0
0.0
0.0
0.0
0.0
0.0
0.0
0.0
0.0
0.0
0.0
0.0
0.0
0.0
0.0
0.0
0.0
0.0
0.0
0.0
0.0
0.0
0.0
0.0
0.0
0.0
0.0
0.0
0.0
0.0
0.0
0.0
0.0
0.0
0.0
0.0
0.0
0.03281987845303867
0.06498987977166844
0.09652287238532092
0.12743146991145288
0.15772803620116135
0.187424690284889
0.21653331122019778
0.2450655428435503
0.2730327984279998
0.30044626524865153
0.3273169090577217
0.35365547847098483
0.37947250926736326
0.4047783286033792
0.429583059144155
0.4538966231126143
0.4777287462585032
0.5010889617488201
0.5239866139812096
0.5464308623218458
0.5684306847693013
0.589994881545866
0.6111320786177536
0.6318507311456032
0.6521591268666556
0.6720653894099595
0.691577481545931
0.7107032083715681
0.7294502204325932
0.7478260167837741
0.7658379479886451
0.7834932190598309
0.8007988923411477
0.8177618903326345
0.8343889984596458
0.8506868677871121
0.8666620176800547
0.8823208384114182
0.8976695937182652
0.9127144233073545
0.927461345311106
0.9419162586949333
0.9560849456169092
0.9699730737407052
0.9835861985027334
0.9969297653343946
1.0100091118403236
1.022829469933502
1.035395967928094
1.047713632590839
1.0597873911518265
1.0716220732754533
1.0832224129923542
1.0945930505930763
1.1057385344842583
1.116663323008053
1.1273717862255237
1.1378682076647273
1.1481567860341821
1.1582416369024078
1.168126794344207
1.1778162125543499
1.1873137674293037
1.1966232581176441
1.2057484085397643
1.2146928688774936
1.2234602170342186
1.2320539600660918
1.2404775355849016
1.248734313133162
1.2568275955319754
1.2647606202022041
1.272536560459483
1.2801585267835869
1.287629568062665
1.294952672812836
1.3021307703736347
1.3091667320797866
1.316063372409781
1.3228234501116987
1.3294496693067486
1.3359446805709523
1.3423110819954098
1.3485514202255706
1.3546681914799255
1.3606638425485276
1.366540771771741
1.3723013299996087
1.377947821532224
1.3834825050414814
1.3889075944745755
1.3942252599396088
1.399437628573665
1.404546785393691
1.4095547741305328
1.4144635980464533
1.4192752207364654
1.423991566913796
1.428614523179796
1.4331459387786072
1.437587626336884
1.4419413625888682
1.4462088890871063
1.450391912899094
1.4544921072901262
1.4585111123926247
1.4624505358622135
1.4663119535208027
1.4700969099869379
1.473806919293668
1.477443465494179
1.4810080032554354
1.4845019584400654
1.487926728676726
1.491283683919172
1.4945741669942572
1.4977994941390813
1.5009609555275039
1.5040598157862304
1.5070973145006794
1.510074666710834
1.5129930633972737
1.5158536719575821
1.5186576366733227
1.5214060791677648
1.5241000988545501
1.526740773377471
1.529329159041543
1.5318662912355414
1.53435318484617
1.5367908346640293
1.5391802157815462
1.541522283983024
1.5438179761269688
1.5460682105208452
1.5482738872884119
1.5504358887297829
1.5525550796743595
1.5546323078267734
1.5566684041059802
1.5586641829776378
1.560620442779903
1.562537966042779
1.5644175198011356
1.5662598559015355
1.5680657113029817
1.569835808371711
1.5715708551701506
1.5732715457401525
1.5749385603806187
1.576572565919631
1.5781742159811902
1.5797441512466748
1.581282999711122
1.5827913769344342
1.584269886287611
1.5857191191941058
1.587139655366403
1.5885320630379107
1.5898968991902618
1.5912347097761137
1.592546029937537
1.5938313842200793
1.5950912867825906
1.5963262416028936
1.5975367426793812
1.5987232742286228
1.5998863108790575
1.6010263178608517
1.6021437511919971
1.6032390578607243
1.6043126760043038
1.6053650350843072
1.6063965560583966
1.6074076515487146
1.6083987260069377
1.6093701758760626
1.6103223897489884
1.61125574852396
1.6121706255569312
1.6130673868109129
1.6139463910023624
1.6148079897446754
1.6156525276888365
1.6164803426612828
1.6172917657990402
1.618087121682182
1.6188667284636653
1.619630897996597
1.6203799359589783
1.621114141975981
1.6218338097398002
1.6225392271271366
1.62323067631435
1.623908433890334
1.6245727709671551
1.6252239532885013
1.625862241335983
1.6264878904333289
1.6271011508485196
1.6277022678938975
1.6282914820242949
1.6288690289332197
1.6294351396471356
1.6299900406178758
1.6305339538132266
1.631067096805718
1.631589682859655
1.6321019210164265
1.6326040161781248
1.6330961691895085
1.6335785769183437
1.6340514323341537
1.6345149245854094
1.6349692390751902
1.6354145575353496
1.6358510580992087
1.6362789153728126
1.636698300504775
1.6371093812547406
1.6375123220604897
1.6379072841037168
1.6382944253745049
1.638673900734524
1.6390458619789774
1.639410457897322
1.6397678343327864
1.640118134240709
1.6404614977457235
1.6407980621978098
1.641127962227236
1.6414513297984121
1.6417682942626781
1.6420789824100455
1.6423835185199152
1.6426820244107916
1.642974619489011
1.6432614207965053
1.6435425430576216
1.6438180987250122
1.644088198024618
1.64435294899976
1.6446124575543577
1.6448668274952931
1.6451161605739337
1.6453605565268354
1.6456001131156377
1.64583492616617
1.6460650896067832
1.646290695505922
1.646511834108954
1.6467285938742688
1.6469410615086624
1.6471493220020212
1.6473534586613194
1.6475535531439423
1.6477496854903504
1.6479419341560975
1.6481303760432127
1.6483150865309635
1.6484961395060076
1.648673607391949
1.648847561178308
1.6490180704489183
1.6491852034097616
1.6493490269162505
1.6495096064999717
1.6496670063948997
1.6498212895630908
1.6499725177198694
1.6501207513585145
1.650266049774458
1.650408471089003
1.6505480722725745
1.6506849091675069
1.6508190365103828
1.6509505079539275
1.6510793760884712
1.6512056924629859
1.6513295076057055
1.6514508710443379
1.6515698313258764
1.65168643603602
1.6518007318182069
1.6519127643922742
1.6520225785727451
1.6521302182867559
1.6522357265916272
1.6523391456920877
1.6524405169571565
1.6525398809366911
1.652637277377608
1.652732745239782
1.6528263227116309
1.652918047225391
1.653007955472091
1.6530960834162278
1.6531824663101544
1.65326713870818
1.6533501344803927
1.6534314868262079
1.6535112282876485
1.6535893907623622
1.653666005516381
1.653741103196628
1.6538147138431765
1.6538868669012665
1.6539575912330833
1.6540269151293026
1.654094866320407
1.6541614719877789
1.6542267587745734
1.6542907527963755
1.6543534796516473
1.654414964431967
1.6544752317320666
1.6545343056596695
1.6545922098451347
1.654648967450908
1.6547046011807884
1.65475913328901
1.6548125855891427
1.6548649794628194
1.6549163358682881
1.6549666753487957
1.6550160180408056
1.6550643836820524
1.6551117916194376
1.6551582608167679
1.6552038098623418
1.655248456976385
1.6552922200183384
1.655335116494002
1.6553771635625383
1.6554183780433351
1.6554587764227342
1.655498374860626
1.6555371891969137
1.6555752349578492
1.6556125273622442
1.6556490813275575
1.6556849114758627
1.6557200321396968
1.6557544573677934
1.655788200930703
1.6558212763263005
1.6558536967851851
1.6558854752759726
1.6559166245104833
1.6559471569488258
1.6559770848043829
1.6560064200486957
1.656035174416253
1.6560633594091851
1.6560909863018651
1.6561180661454185
1.6561446097721435
1.6561706277998447
1.6561961306360802
1.6562211284823245
1.6562456313380494
1.6562696490047237
1.6562931910897345
1.6563162670102296
1.6563388859968848
1.6563610570975964
1.6563827891811003
1.6564040909405195
1.656424970896842
1.6564454374023283
1.6564654986438538
1.6564851626461827
1.6565044372751778
1.6565233302409479
1.656541849100931
1.656560001262918
1.656577793988016
1.656595234393552
1.6566123294559207
1.656629086013375
1.6566455107687614
1.656661610292201
1.6566773910237178
1.6566928592758148
1.656708021235999
1.6567228829692568
1.6567374504204795
1.6567517294168417
1.6567657256701325
1.6567794447790398
1.6567928922313901
1.6568060734063437
1.656818993576546
1.6568316579102376
1.6568440714733208
1.6568562392313861
1.6568681660516993
1.6568798567051473
1.6568913158681475
1.6569025481245179
1.6569135579673107
1.6569243498006097
1.6569349279412922
1.6569452966207554
1.6569554599866096
1.6569654221043366
1.656975186958916
1.6569847584564201
1.6569941404255755
1.6570033366192949
1.6570123507161783
1.6570211863219846
1.657029846971074
1.6570383361278218
1.6570466571880036
1.6570548134801546
1.6570628082669003
1.657070644746262
1.657078326052936
1.6570858552595473
1.657093235377879
1.6571004693600766
1.6571075600998297
1.6571145104335288
1.6571213231413997
1.6571280009486167
1.6571345465263916
1.6571409624930427
1.6571472514150423
1.657153415808043
1.6571594581378841
1.6571653808215783
1.6571711862282779
1.6571768766802228
1.65718245445367
1.6571879217798031
1.6571932808456256
1.657198533794835
1.6572036827286811
1.657208729706806
1.6572136767480685
1.657218525831351
1.6572232788963512
1.6572279378443588
1.657232504539015
1.6572369808070586
1.6572413684390563
1.6572456691901196
1.657249884780606
1.6572540168968082
1.6572580671916277
1.6572620372852362
1.6572659287657245
1.6572697431897363
1.6572734820830923
1.6572771469413996
1.6572807392306503
1.6572842603878082
1.657287711821383
1.657291094911994
1.6572944110129224
1.6572976614506532
1.6573008475254047
1.6573039705116495
1.6573070316586234
1.657310032190826
1.6573129733085104
1.6573158561881627
1.6573186819829733
1.6573214518232977
1.657324166817109
1.657326828050441
1.6573294365878224
1.6573319934727029
1.6573344997278707
1.6573369563558613
1.6573393643393586
1.657341724641588
1.657344038206702
1.6573463059601572
1.6573485288090855
1.657350707642656
1.6573528433324312
1.6573549367327156
1.6573569886808972
1.6573589999977825
1.657360971487925
1.6573629039399471
1.6573647981268556
1.6573666548063504
1.657368474721128
1.6573702585991785
1.657372007154077
1.6573737210852688
1.6573754010783492
1.6573770478053378
1.6573786619249473
1.6573802440828471
1.6573817949119216
1.657383315032523
1.6573848050527198
1.6573862655685399
1.6573876971642092
1.6573891004123849
1.6573904758743851
1.657391824100413
1.657393145629777
1.6573944409911063
1.6573957107025628
1.6573969552720478
1.6573981751974058
1.6573993709666235
1.657400543058024
1.6574016919404602
1.6574028180734997
1.657403921907611
1.6574050038843426
1.6574060644364994
1.6574071039883165
1.6574081229556286
1.657409121746036
1.6574101007590682
1.6574110603863437
1.657412001011726
1.6574129230114778
1.6574138267544114
1.657414712602036
1.6574155809087023
1.6574164320217446
1.6574172662816196
1.6574180840220423
1.6574188855701197
1.657419671246482
1.6574204413654097
1.657421196234961
1.6574219361570937
1.6574226614277865
1.6574233723371574
1.6574240691695796
1.6574247522037955
1.6574254217130278
1.657426077965089
1.6574267212224887
1.6574273517425386
1.657427969777455
1.6574285755744602
1.657429169375881
1.6574297514192458
1.6574303219373798
1.657430881158498
1.657431429306296
1.6574319666000403
1.6574324932546558
1.6574330094808112
1.657433515485004
1.6574340114696424
1.657434497633127
1.6574349741699295
1.657435441270671
1.6574358991221985
1.6574363479076581
1.6574367878065703
1.6574372189949005
1.6574376416451295
1.6574380559263233
1.6574384620042
1.657438860041196
1.6574392501965314
1.6574396326262735
1.6574400074833993
1.6574403749178568
1.6574407350766245
1.6574410881037709
1.6574414341405113
1.657441773325265
1.657442105793711
1.6574424316788405
1.6574427511110121
1.657443064218003
1.65744337112506
1.6574436719549501
1.6574439668280094
1.657444255862191
1.657444539173112
1.6574448168741012
1.6574450890762422
1.6574453558884197
1.6574456174173622
1.6574458737676847
1.6574461250419308
1.6574463713406133
1.6574466127622551
1.6574468494034282
1.657447081358792
1.657447308721132
1.6574475315813961
1.6574477500287312
1.6574479641505193
1.6574481740324118
1.6574483797583646
1.6574485814106705
1.6574487790699932
1.6574489728153992
1.657449162724389
1.657449348872929
1.6574495313354807
1.6574497101850318
1.6574498854931248
1.657450057329885
1.657450225764049
1.6574503908629934
1.6574505526927596
1.6574507113180819
1.6574508668024122
1.6574510192079464
1.6574511685956488
1.6574513150252765
1.6574514585554034
1.6574515992434435
1.6574517371456736
1.6574518723172567
1.657452004812263
1.6574521346836923
1.6574522619834953
1.6574523867625932
1.6574525090708994
1.6574526289573388
1.6574527464698678
1.6574528616554929
1.6574529745602897
1.6574530852294218
1.6574531937071582
1.6574533000368914
1.6574534042611548
1.6574535064216396
1.6574536065592114
1.6574537047139264
1.6574538009250477
1.6574538952310611
1.6574539876696905
1.6574540782779124
1.6574541670919711
1.6574542541473938
1.6574543394790036
1.6574544231209343
1.6574545051066438
1.6574545854689275
1.6574546642399315
1.657454741451165
1.6574548171335135
1.657454891317251
1.6574549640320524
1.657455035307004
1.6574551051706172
1.657455173650838
1.6574552407750598
1.657455306570133
1.6574553710623763
1.6574554342775876
1.657455496241054
1.6574555569775613
1.6574556165114054
1.6574556748664002
1.657455732065889
1.6574557881327519
1.6574558430894164
1.657455896957866
1.657455949759649
1.6574560015158866
1.657456052247282
1.6574561019741285
1.6574561507163175
1.6574561984933465
1.657456245324327
1.6574562912279918
1.6574563362227033
1.6574563803264597
1.6574564235569031
1.6574564659313265
1.65745650746668
1.6574565481795787
1.6574565880863077
1.6574566272028306
1.6574566655447944
1.6574567031275365
1.6574567399660904
1.6574567760751922
1.6574568114692858
1.6574568461625294
1.6574568801688008
1.6574569135017028
1.6574569461745692
1.6574569782004696
1.6574570095922145
1.6574570403623612
1.6574570705232183
1.6574571000868503
1.6574571290650832
1.6574571574695087
1.6574571853114888
1.6574572126021607
1.6574572393524412
1.6574572655730306
1.6574572912744177
1.657457316466883
1.6574573411605042
1.657457365365159
1.6574573890905295
1.657457412346106
1.6574574351411915
1.657457457484904
1.6574574793861812
1.6574575008537842
1.6574575218963001
1.6574575425221463
1.6574575627395733
1.6574575825566686
1.6574576019813592
1.657457621021415
1.6574576396844523
1.6574576579779368
1.6574576759091861
1.6574576934853729
1.6574577107135278
1.6574577276005424
1.6574577441531717
1.657457760378037
1.6574577762816283
1.6574577918703075
1.65745780715031
1.6574578221277485
1.6574578368086137
1.6574578511987783
1.6574578653039986
1.6574578791299168
1.6574578926820636
1.6574579059658598
1.6574579189866192
1.6574579317495504
1.6574579442597586
1.657457956522248
1.657457968541924
1.6574579803235943
1.6574579918719718
1.6574580031916764
1.6574580142872355
1.657458025163088
1.657458035823584
1.6574580462729882
### factor:3
0.0
0.0
0.0
0.0
0.0
0.0
0.0
0.0
0.0
0.0
0.0
0.0
0.0
0.0
0.0
0.0
0.0
0.0
0.0
0.0
0.0
0.0
0.0
0.0
0.0
0.0
0.0
0.0
0.0
0.0
0.0
0.0
0.0
0.0
0.0
0.0
0.0
0.0
0.0
0.0
0.0
0.0
0.0
0.0
0.0
0.0
0.0
0.0
0.0
0.0
0.0
0.0
0.0
0.0
0.0
0.0
0.0
0.0
0.0
0.0
0.0
0.0
0.0
0.0
0.0
0.0
0.0
0.0
0.0
0.0
0.0
0.0
0.0
0.0
0.0
0.0
0.0
0.0
0.0
0.0
0.0
0.0
0.0
0.0
0.0
0.0
0.0
0.0
0.0
0.0
0.0
0.0
0.0
0.0
0.0
0.0
0.0
0.0
0.0
0.0
0.0
0.0
0.0
0.0
0.0
0.0
0.0
0.0
0.0
0.0
0.0
0.0
0.0
0.0
0.0
0.0
0.0
0.0
0.0
0.0
0.0
0.0
0.0
0.0
0.0
0.0
0.0
0.0
0.0
0.0
0.0
0.0
0.0
0.0
0.0
0.0
0.0
0.0
0.0
0.0
0.0
0.0
0.0
0.0
0.0
0.0
0.0
0.0
0.0
0.0
0.0
0.0
0.0
0.0
0.0
0.0
0.0
0.0
0.0
0.0
0.0
0.0
0.0
0.0
0.0
0.0
0.0
0.0
0.0
0.0
0.0
0.0
0.0
0.0
0.0
0.0
0.0
0.0
0.0
0.0
0.0
0.0
0.0
0.0
0.0
0.0
0.0
0.0
0.0
0.0
0.0
0.0
0.0
0.0
0.0
0.0
0.0
0.0
0.0
0.0
0.0
0.0
0.0
0.0
0.0
0.0
0.0
0.0
0.0
0.0
0.0
0.0
0.0
0.0
0.0
0.0
0.0
0.0
0.0
0.0
0.0
0.0
0.0
0.0
0.0
0.0
0.0
0.0
0.0
0.0
0.0
0.0
0.0
0.0
0.0
0.0
0.0
0.0
0.0
0.0
0.0
0.0
0.0
0.0
0.0
0.0
0.0
0.0
0.0
0.0
0.0
7.336862436718212E-12
9.432890762318374E-10
1.5157679354481653E-8
1.0807903435056642E-7
4.909610439637821E-7
1.6741807091027299E-6
4.680623418529631E-6
1.1310885007634907E-5
2.444655752321146E-5
4.837463766147404E-5
8.911479443749406E-5
1.5473144822243716E-4
2.556139294587281E-4
4.047100329581001E-4
6.177007709263663E-4
9.131068458582377E-4
0.0013123201767129109
0.0018395566352979913
0.0025217289338506405
0.0033882413119282148
0.004470710262180351
0.005802617961688806
0.007418907276802574
0.009355529112644215
0.011648954407221577
0.014335664152149818
0.01745163139897897
0.021031809246178125
0.02510963829021519
0.02971658599070459
0.03488172890239874
0.04063138685245193
0.04698881599800182
0.05397396540732007
0.06160329949078196
0.0698896863818513
0.07884235033404295
0.08846688443693061
0.0987653185173847
0.10973623601030791
0.12137493286086407
0.13367361114125198
0.14662159999659058
0.1602055967320277
0.17440992126574476
0.18921677774697035
0.20460651782291667
0.22055790078659054
0.2370483466078478
0.25405417860925245
0.27155085327019757
0.28951317530850185
0.30791549678603
0.32673189950714243
0.3459363604239216
0.36550290013168163
0.3854057148364167
0.4056192924084989
0.4261185133110912
0.4468787373148523
0.4678758769900719
0.48908645901059566
0.5104876743174804
0.5320574181803222
0.5537743211659782
0.5756177719825974
0.5975679331153961
0.619605750112764
0.6417129553197003
0.6638720667924253
0.6860663830649387
0.7082799743765991
0.7304976709103922
0.7527050485351333
0.7748884124918171
0.7970347794149701
0.819131858034275
0.8411680288599328
0.8631323231171417
0.8850144011605457
0.9068045305683855
0.9284935640881512
0.950072917580578
0.9715345480866119
0.9928709321222834
1.0140750442890343
1.0351403362717373
1.056060716283231
1.0768305290024665
1.09744453604316
1.117897896980996
1.1381861509597901
1.1583051988904471
1.1782512862509344
1.1980209864907068
1.217611185038967
1.2370190639127514
1.2562420869179898
1.2752779854343452
1.2941247447727315
1.3127805910928612
1.331243978866961
1.3495135788748573
1.3675882667149286
1.3854671118149338
1.4031493669264032
1.4206344580861126
1.4379219750281091
1.45501166202983
1.4719034091759913
1.4885972440241568
1.5050933236561688
1.5213919270999583
1.5374934481066156
1.5533983882679994
1.5691073504605826
1.5846210326016674
1.5999402217045484
1.6150657882196549
1.6299986806491582
1.6447399204229858
1.65929059702463
1.6736518633555928
1.6878249313277363
1.7018110676732485
1.715611589962344
1.729227862819234
1.7426612943272946
1.7559133326147496
1.768985462612554
1.7818792029765265
1.7945961031661264
1.8071377406726084
1.819505718389603
1.8317016621194901
1.8437272182092241
1.8555840513095572
1.867273842251882
1.878798286037175
1.8901590899317762
1.9013579716649784
1.9123966577236333
1.9232768817391968
1.9340003829628518
1.944568904824543
1.9549841935719534
1.9652479969856345
1.9753620631666762
1.9853281393934719
1.9951479710442912
2.0048233005825273
2.0143558666016284
2.0237474029268627
2.032999637771199
2.042114292942711
2.051093083101028
2.05993771506048
2.068649887137683
2.077231288541424
2.0856835988027926
2.0940084872436175
2.1022076124813394
2.1102826219685475
2.118235151565487
2.126066825143924
2.133779254220822
2.1413740376203667
2.148852761162935
2.156216997379669
2.1634683052513837
2.1706082299705867
2.1776383027254544
2.184560040504653
2.1913749459219485
2.1980845070596033
2.204690197329588
2.2111934753517013
2.217595784847715
2.223898554550715
2.230103198128838
2.2362111141226473
2.2422236858954188
2.2481422815956513
2.253968254131135
2.259702941153956
2.2653476650558284
2.2709037329731907
2.2763724368015126
2.281755053218297
2.2870528437142736
2.2922670546323207
2.2973989172136524
2.302449647650848
2.307420447147308
2.3123125019827513
2.3171269835843704
2.3218650486033003
2.326527838996052
2.3311164821105934
2.3356320907767647
2.3400757634007414
2.3444485840632576
2.3487516226213283
2.352985934813215
2.357152562366394
2.3612525331082947
2.365286861079592
2.3692565466498436
2.373162576635272
2.377005924418505
2.38078755007009
2.384508400471623
2.388169409440313
2.3917714978548448
2.395315573782379
2.398802532606562
2.4022332571564036
2.4056086178359055
2.408929472754316
2.4121966678568967
2.4154110370561024
2.418573402363062
2.421684574019272
2.4247453506284096
2.4277565192881747
2.430718855722087
2.4336331244111564
2.436500078725352
2.4393204610548067
2.4420950029406874
2.444824425205673
2.4475094380839804
2.450150741350885
2.4527490244516845
2.4553049666300595
2.4578192370557828
2.460292494951738
2.462725389720208
2.465118561068393
2.467472639133129
2.4697882446047683
2.472065988850198
2.474306474034963
2.4765102932444756
2.478678030604276
2.480810261399335
2.4829075521923683
2.4849704609411485
2.486999537114797
2.4889953218090404
2.4909583478604165
2.492889139959419
2.4947882147625666
2.496656081003388
2.498493239602317
2.5003001837754812
2.5020773991423892
2.5038253638324997
2.505544548590674
2.5072354168815076
2.5088984249925343
2.510534022136305
2.5121426505513367
2.5137247456019325
2.515280735876873
2.5168110432869777
2.5183160831615403
2.5197962643436385
2.52125198928432
2.5226836541356707
2.5240916488427647
2.5254763572345023
2.5268381571133416
2.5281774203439267
2.5294945129406163
2.5307897951539227
2.5320636215558636
2.5333163411242348
2.534548297325809
2.5357598281984672
2.5369512664322755
2.5381229394495044
2.5392751694836084
2.540408273657167
2.541522564058799
2.5426183478190554
2.543695927185303
2.5447555995956024
2.5457976577515944
2.5468223896903983
2.5478300788555357
2.548821004166886
2.5497954400896847
2.5507536567025704
2.551695919764694
2.552622490781897
2.5535336270719693
2.5544295818289937
2.5553106041867903
2.556176939281468
2.5570288283130926
2.557866508606483
2.558690213671141
2.559500173260331
2.56029661342931
2.56107975659273
2.5618498215812067
2.5626070236970793
2.5633515747693614
2.564083683207895
2.5648035540567173
2.565511389046653
2.5662073866471324
2.5668917421172575
2.567564647556113
2.5682262919523406
2.5688768612329813
2.569516538311595
2.5701455031356697
2.570763932733325
2.571372001259322
2.5719698800403883
2.572557737619865
2.573135739801687
2.573704049693705
2.574262827750353
2.5748122318146813
2.5753524171597486
2.575883536529394
2.576405740178392
2.576919175912
2.5774239891249016
2.577920322839567
2.57840831774402
2.578888112229038
2.5793598424247794
2.579823642236852
2.580279643381831
2.5807279754222328
2.581168765800951
2.5816021398751636
2.5820282209497196
2.5824471303100096
2.582858987254332
2.583263909125757
2.5836620113435
2.5840534074338075
2.5844382090603664
2.58481652605424
2.585188466443341
2.585554136481443
2.5859136406767464
2.5862670818199907
2.586614561012137
2.5869561776916146
2.587292029661139
2.5876222131141167
2.5879468226606313
2.5882659513530255
2.5885796907110805
2.588888130746801
2.5891913599888086
2.589489465506355
2.589782532932956
2.5900706464896497
2.590353889007895
2.5906323419521025
2.5909060854418122
2.591175198273522
2.5914397579421675
2.591699840662266
2.5919555213887233
2.592206873837309
2.5924539705048124
2.5926968826888714
2.5929356805074937
2.5931704329182623
2.5934012077372377
2.5936280716575593
2.593851090267751
2.594070328069733
2.5942858484965496
2.594497713929811
2.594705985716858
2.594910724187655
2.5951119886714062
2.595309837512915
2.5955043280886736
2.5956955168227007
2.595883459202121
2.5960682097924987
2.5962498222529238
2.5964283493508544
2.5966038429767235
2.5967763541583104
2.5969459330748794
2.597112629071094
2.5972764906707044
2.5974375655900177
2.597595900751148
2.5977515422950557
2.5979045355943744
2.5980549252660334
2.5982027551836744
2.5983480684898685
2.598490907608137
2.598631314254776
2.5987693294504917
2.5989049935318462
2.5990383461625193
2.599169426344387
2.5992982724284226
2.5994249221254173
2.599549412516532
2.599671780063675
2.5997920606197105
2.599910289438506
2.600026501184812
2.6001407299439827
2.600253009231541
2.6003633720025836
2.600471850661039
2.6005784770687703
2.600683282554531
2.600786297922777
2.600887553462333
2.6009870789549194
2.601084903683539
2.601181056440727
2.6012755655366693
2.6013684588071833
2.601459763621574
2.6015495068903585
2.601637715072865
2.6017244141847096
2.601809629805147
2.6018933870843064
2.6019757107503043
2.6020566251162447
2.602136154087102
2.6022143211664934
2.602291149463339
2.602366661698415
2.602440880210796
2.6025138269641954
2.6025855235532007
2.602655991209405
2.602725250807442
2.6027933228709164
2.6028602275782426
2.602925984768384
2.6029906139464996
2.6030541342894966
2.6031165646514944
2.6031779235691968
2.603238229267175
2.6032974996630682
2.603355752372692
2.603413004715069
2.6034692737173746
2.6035245761197987
2.6035789283803314
2.6036323466794684
2.603684846924838
2.603736444755753
2.6037871555476877
2.60383699441668
2.6038859762236624
2.6039341155787206
2.6039814268452823
2.604027924144237
2.604073621357987
2.604118532134433
2.6041626698908926
2.604206047817955
2.6042486788832715
2.6042905758352832
2.604331751206888
2.6043722173190464
2.604411986284328
2.6044510700103976
2.6044894802034477
2.60452722837157
2.6045643258280737
2.6046007836947465
2.604636612905065
2.6046718242073497
2.604706428167867
2.6047404351738823
2.60477385543666
2.604806698994416
2.60483897571522
2.6048706952998493
2.6049018672845956
2.6049325010440274
2.6049626057937028
2.60499219059284
2.605021264346942
2.6050498358103793
2.6050779135889286
2.6051055061422685
2.6051326217864363
2.605159268696241
2.605185454907638
2.6052111883200646
2.605236476698736
2.605261327676903
2.6052857487580705
2.605309747318184
2.605333330607774
2.605356505754069
2.60537927976307
2.6054016595215947
2.6054236517992813
2.605445263250565
2.6054665004166195
2.6054873697272654
2.6055078775028457
2.605528029956074
2.6055478331938478
2.6055672932190337
2.605586415932222
2.6056052071334537
2.6056236725239144
2.6056418177076064
2.6056596481929866
2.605677169394581
2.6056943866345703
2.6057113051443506
2.6057279300660663
2.6057442664541184
2.605760319276648
2.605776093416993
2.605791593675123
2.6058068247690485
2.6058217913362074
2.6058364979348276
2.605850949045267
2.6058651490713314
2.60587910234157
2.6058928131105503
2.605906285560108
2.605919523800582
2.605932531872023
2.605945313745385
2.6059578733236957
2.6059702144432078
2.6059823408745304
2.6059942563237426
2.606005964433487
2.606017468784045
2.606028772894395
2.606039880223253
2.606050794170094
2.6060615180761575
2.606072055225437
2.606082408845649
2.6060925821091927
2.6061025781340854
2.6061123999848888
2.6061220506736156
2.606131533160623
2.6061408503554913
2.6061500051178843
2.6061590002584007
2.6061678385394074
2.6061765226758586
2.6061850553361037
2.606193439142679
2.606201676673088
2.606209770460568
2.606217722994842
2.60622553672286
2.6062332140495292
2.606240757338427
2.6062481689125065
2.606255451054788
2.6062626060090404
2.606269635980448
2.6062765431362704
2.606283329606488
2.6062899974844362
2.6062965488274332
2.6063029856573916
2.6063093099614236
2.6063155236924347
2.6063216287697064
2.6063276270794713
2.606333520475477
2.60633931077954
2.606344999782091
2.6063505892427115
2.6063560808906607
2.6063614764253926
2.6063667775170662
2.6063719858070455
2.6063771029083926
2.60638213040635
2.6063870698588176
2.6063919227968197
2.6063966907249645
2.606401375121896
2.6064059774407395
2.606410499109536
2.606414941531672
2.606419306086305
2.6064235941287723
2.6064278069910043
2.606431945981922
2.6064360123878316
2.606440007472814
2.6064439324791033
2.6064477886274626
2.6064515771175505
2.6064552991282843
2.6064589558181948
2.6064625483257764
2.6064660777698307
2.606469545249804
2.6064729518461194
2.606476298620503
2.6064795866163046
2.606482816858815
2.6064859903555737
2.6064891080966746
2.606492171055065
2.6064951801868417
2.6064981364315387
2.6065010407124127
2.6065038939367224
2.6065066969960036
2.6065094507663393
2.6065121561086255
2.6065148138688325
2.6065174248782617
2.6065199899537967
2.6065225098981535
2.6065249855001213
2.606527417534805
2.60652980676386
2.606532153935721
2.606534459785834
2.6065367250368774
2.606538950398981
2.6065411365699447
2.606543284235449
2.606545394069264
2.6065474667334563
2.606549502878588
2.606551503143917
2.606553468157591
2.6065553985368397
2.606557294888163
2.606559157807515
2.606560987880487
2.6065627856824864
2.6065645517789116
2.6065662867253248
2.606567991067623
2.6065696653422035
2.6065713100761285
2.606572925787286
2.6065745129845483
2.6065760721679285
2.6065776038287325
2.60657910844971
2.6065805865052023
2.6065820384612874
2.606583464775923
2.6065848658990873
2.606586242272916
2.606587594331839
2.606588922502713
2.6065902272049524
2.6065915088506593
2.606592767844748
2.6065940045850713
2.6065952194625415
2.6065964128612515
2.606597585158592
2.6065987367253682
2.606599867925913
2.6066009791182
2.606602070653954
2.606603142878758
2.60660419613216
2.6066052307477796
2.606606247053407
2.6066072453711064
2.6066082260173165
2.6066091893029455
2.6066101355334683
2.6066110650090204
2.6066119780244907
2.606612874869613
2.6066137558290543
2.606614621182504
2.60661547120476
2.606616306165812
2.6066171263309283
2.6066179319607348
2.6066187233112967
2.606619500634198
2.6066202641766187
2.606621014181412
2.60662175088718
2.6066224745283457
2.606623185335227
2.606623883534108
2.6066245693473094
2.6066252429932564
2.606625904686547
2.60662655463802
2.606627193054817
2.6066278201404502
2.606628436094864
2.606629041114497
2.6066296353923435
2.606630219118013
2.60663079247779
2.6066313556546907
2.606631908828521
2.6066324521759316
2.6066329858704735
2.606633510082652
2.6066340249799795
2.6066345307270278
2.6066350274854795
2.606635515414178
2.606635994669177
2.606636465403791
2.6066369277686396
2.606637381911697
2.606637827978338
2.606638266111382
2.6066386964511397
2.6066391191354548
2.606639534299748
2.6066399420770594
2.6066403425980904
2.6066407359912436
2.606641122382663
2.6066415018962745
2.6066418746538242
2.6066422407749155
2.606642600377048
2.606642953575653
2.606643300484131
2.606643641213886
### END
