### NP, NF, NT, dt
2 4 1000 0.4
### promoter data
#   name
#   type, strength, number of genes
#   factor name
#   k, n
###
p1
1 1.0 1
input 1
0.1 2
p2
0 1.0 1
input 2
0.1 2
### factor data
#   name
#   degeneration, copy rate, number of genes
#   initial value
#   input type, timing, strength
###
input 1
0.05 0.1 1
0.0
1 100.0 1.0
input 2
0.05 0.1 1
0.0
1 150.0 1.0
A
0.05 0.1 1
0.0
0 0.0 1.0
B
0.05 0.1 1
0.0
0 0.0 1.0
### input type
1
### input data
### factor:0
0.0
0.0
0.0
0.0
0.0
0.0
0.0
0.0
0.0
0.0
0.0
0.0
0.0
0.0
0.0
0.0
0.0
0.0
0.0
0.0
0.0
0.0
0.0
0.0
0.0
0.0
0.0
0.0
0.0
0.0
0.0
0.0
0.0
0.0
0.0
0.0
0.0
0.0
0.0
0.0
0.0
0.0
0.0
0.0
0.0
0.0
0.0
0.0
0.0
0.0
0.0
0.0
0.0
0.0
0.0
0.0
0.0
0.0
0.0
0.0
0.0
0.0
0.0
0.0
0.0
0.0
0.0
0.0
0.0
0.0
0.0
0.0
0.0
0.0
0.0
0.0
0.0
0.0
0.0
0.0
0.0
0.0
0.0
0.0
0.0
0.0
0.0
0.0
0.0
0.0
0.0
0.0
0.0
0.0
0.0
0.0
0.0
0.0
0.0
0.0
0.0
0.0
0.0
0.0
0.0
0.0
0.0
0.0
0.0
0.0
0.0
0.0
0.0
0.0
0.0
0.0
0.0
0.0
0.0
0.0
0.0
0.0
0.0
0.0
0.0
0.0
0.0
0.0
0.0
0.0
0.0
0.0
0.0
0.0
0.0
0.0
0.0
0.0
0.0
0.0
0.0
0.0
0.0
0.0
0.0
0.0
0.0
0.0
0.0
0.0
0.0
0.0
0.0
0.0
0.0
0.0
0.0
0.0
0.0
0.0
0.0
0.0
0.0
0.0
0.0
0.0
0.0
0.0
0.0
0.0
0.0
0.0
0.0
0.0
0.0
0.0
0.0
0.0
0.0
0.0
0.0
0.0
0.0
0.0
0.0
0.0
0.0
0.0
0.0
0.0
0.0
0.0
0.0
0.0
0.0
0.0
0.0
0.0
0.0
0.0
0.0
0.0
0.0
0.0
0.0
0.0
0.0
0.0
0.0
0.0
0.0
0.0
0.0
0.0
0.0
0.0
0.0
0.0
0.0
0.0
0.0
0.0
0.0
0.0
0.0
0.0
0.0
0.0
0.0
0.0
0.0
0.0
0.0
0.0
0.0
0.0
0.0
0.0
0.0
0.0
0.0
0.0
0.0
0.0
0.0
0.0
0.0
0.0
0.0
0.0
1.0
1.0
1.0
1.0
1.0
1.0
1.0
1.0
1.0
1.0
1.0
1.0
1.0
1.0
1.0
1.0
1.0
1.0
1.0
1.0
1.0
1.0
1.0
1.0
1.0
1.0
1.0
1.0
1.0
1.0
1.0
1.0
1.0
1.0
1.0
1.0
1.0
1.0
1.0
1.0
1.0
1.0
1.0
1.0
1.0
1.0
1.0
1.0
1.0
1.0
1.0
1.0
1.0
1.0
1.0
1.0
1.0
1.0
1.0
1.0
1.0
1.0
1.0
1.0
1.0
1.0
1.0
1.0
1.0
1.0
1.0
1.0
1.0
1.0
1.0
1.0
1.0
1.0
1.0
1.0
1.0
1.0
1.0
1.0
1.0
1.0
1.0
1.0
1.0
1.0
1.0
1.0
1.0
1.0
1.0
1.0
1.0
1.0
1.0
1.0
1.0
1.0
1.0
1.0
1.0
1.0
1.0
1.0
1.0
1.0
1.0
1.0
1.0
1.0
1.0
1.0
1.0
1.0
1.0
1.0
1.0
1.0
1.0
1.0
1.0
1.0
1.0
1.0
1.0
1.0
1.0
1.0
1.0
1.0
1.0
1.0
1.0
1.0
1.0
1.0
1.0
1.0
1.0
1.0
1.0
1.0
1.0
1.0
1.0
1.0
1.0
1.0
1.0
1.0
1.0
1.0
1.0
1.0
1.0
1.0
1.0
1.0
1.0
1.0
1.0
1.0
1.0
1.0
1.0
1.0
1.0
1.0
1.0
1.0
1.0
1.0
1.0
1.0
1.0
1.0
1.0
1.0
1.0
1.0
1.0
1.0
1.0
1.0
1.0
1.0
1.0
1.0
1.0
1.0
1.0
1.0
1.0
1.0
1.0
1.0
1.0
1.0
1.0
1.0
1.0
1.0
1.0
1.0
1.0
1.0
1.0
1.0
1.0
1.0
1.0
1.0
1.0
1.0
1.0
1.0
1.0
1.0
1.0
1.0
1.0
1.0
1.0
1.0
1.0
1.0
1.0
1.0
1.0
1.0
1.0
1.0
1.0
1.0
1.0
1.0
1.0
1.0
1.0
1.0
1.0
1.0
1.0
1.0
1.0
1.0
1.0
1.0
1.0
1.0
1.0
1.0
1.0
1.0
1.0
1.0
1.0
1.0
1.0
1.0
1.0
1.0
1.0
1.0
1.0
1.0
1.0
1.0
1.0
1.0
1.0
1.0
1.0
1.0
1.0
1.0
1.0
1.0
1.0
1.0
1.0
1.0
1.0
1.0
1.0
1.0
1.0
1.0
1.0
1.0
1.0
1.0
1.0
1.0
1.0
1.0
1.0
1.0
1.0
1.0
1.0
1.0
1.0
1.0
1.0
1.0
1.0
1.0
1.0
1.0
1.0
1.0
1.0
1.0
1.0
1.0
1.0
1.0
1.0
1.0
1.0
1.0
1.0
1.0
1.0
1.0
1.0
1.0
1.0
1.0
1.0
1.0
1.0
1.0
1.0
1.0
1.0
1.0
1.0
1.0
1.0
1.0
1.0
1.0
1.0
1.0
1.0
1.0
1.0
1.0
1.0
1.0
1.0
1.0
1.0
1.0
1.0
1.0
1.0
1.0
1.0
1.0
1.0
1.0
1.0
1.0
1.0
1.0
1.0
1.0
1.0
1.0
1.0
1.0
1.0
1.0
1.0
1.0
1.0
1.0
1.0
1.0
1.0
1.0
1.0
1.0
1.0
1.0
1.0
1.0
1.0
1.0
1.0
1.0
1.0
1.0
1.0
1.0
1.0
1.0
1.0
1.0
1.0
1.0
1.0
1.0
1.0
1.0
1.0
1.0
1.0
1.0
1.0
1.0
1.0
1.0
1.0
1.0
1.0
1.0
1.0
1.0
1.0
1.0
1.0
1.0
1.0
1.0
1.0
1.0
1.0
1.0
1.0
1.0
1.0
1.0
1.0
1.0
1.0
1.0
1.0
1.0
1.0
1.0
1.0
1.0
1.0
1.0
1.0
1.0
1.0
1.0
1.0
1.0
1.0
1.0
1.0
1.0
1.0
1.0
1.0
1.0
1.0
1.0
1.0
1.0
1.0
1.0
1.0
1.0
1.0
1.0
1.0
1.0
1.0
1.0
1.0
1.0
1.0
1.0
1.0
1.0
1.0
1.0
1.0
1.0
1.0
1.0
1.0
1.0
1.0
1.0
1.0
1.0
1.0
1.0
1.0
1.0
1.0
1.0
1.0
1.0
1.0
1.0
1.0
1.0
1.0
1.0
1.0
1.0
1.0
1.0
1.0
1.0
1.0
1.0
1.0
1.0
1.0
1.0
1.0
1.0
1.0
1.0
1.0
1.0
1.0
1.0
1.0
1.0
1.0
1.0
1.0
1.0
1.0
1.0
1.0
1.0
1.0
1.0
1.0
1.0
1.0
1.0
1.0
1.0
1.0
1.0
1.0
1.0
1.0
1.0
1.0
1.0
1.0
1.0
1.0
1.0
1.0
1.0
1.0
1.0
1.0
1.0
1.0
1.0
1.0
1.0
1.0
1.0
1.0
1.0
1.0
1.0
1.0
1.0
1.0
1.0
1.0
1.0
1.0
1.0
1.0
1.0
1.0
1.0
1.0
1.0
1.0
1.0
1.0
1.0
1.0
1.0
1.0
1.0
1.0
1.0
1.0
1.0
1.0
1.0
1.0
1.0
1.0
1.0
1.0
1.0
1.0
1.0
1.0
1.0
1.0
1.0
1.0
1.0
1.0
1.0
1.0
1.0
1.0
1.0
1.0
1.0
1.0
1.0
1.0
1.0
1.0
1.0
1.0
1.0
1.0
1.0
1.0
1.0
1.0
1.0
1.0
1.0
1.0
1.0
1.0
1.0
1.0
1.0
1.0
1.0
1.0
1.0
1.0
1.0
1.0
1.0
1.0
1.0
1.0
1.0
1.0
1.0
1.0
1.0
1.0
1.0
1.0
1.0
1.0
1.0
1.0
1.0
1.0
1.0
1.0
1.0
1.0
1.0
1.0
1.0
1.0
1.0
1.0
1.0
1.0
1.0
1.0
1.0
1.0
1.0
1.0
1.0
1.0
1.0
1.0
1.0
1.0
1.0
1.0
1.0
1.0
1.0
1.0
1.0
1.0
1.0
1.0
1.0
1.0
1.0
1.0
1.0
1.0
1.0
1.0
1.0
1.0
1.0
1.0
1.0
1.0
1.0
1.0
1.0
1.0
1.0
1.0
1.0
1.0
1.0
1.0
1.0
1.0
1.0
1.0
1.0
1.0
1.0
1.0
1.0
1.0
1.0
1.0
1.0
1.0
1.0
1.0
1.0
### factor:1
0.0
0.0
0.0
0.0
0.0
0.0
0.0
0.0
0.0
0.0
0.0
0.0
0.0
0.0
0.0
0.0
0.0
0.0
0.0
0.0
0.0
0.0
0.0
0.0
0.0
0.0
0.0
0.0
0.0
0.0
0.0
0.0
0.0
0.0
0.0
0.0
0.0
0.0
0.0
0.0
0.0
0.0
0.0
0.0
0.0
0.0
0.0
0.0
0.0
0.0
0.0
0.0
0.0
0.0
0.0
0.0
0.0
0.0
0.0
0.0
0.0
0.0
0.0
0.0
0.0
0.0
0.0
0.0
0.0
0.0
0.0
0.0
0.0
0.0
0.0
0.0
0.0
0.0
0.0
0.0
0.0
0.0
0.0
0.0
0.0
0.0
0.0
0.0
0.0
0.0
0.0
0.0
0.0
0.0
0.0
0.0
0.0
0.0
0.0
0.0
0.0
0.0
0.0
0.0
0.0
0.0
0.0
0.0
0.0
0.0
0.0
0.0
0.0
0.0
0.0
0.0
0.0
0.0
0.0
0.0
0.0
0.0
0.0
0.0
0.0
0.0
0.0
0.0
0.0
0.0
0.0
0.0
0.0
0.0
0.0
0.0
0.0
0.0
0.0
0.0
0.0
0.0
0.0
0.0
0.0
0.0
0.0
0.0
0.0
0.0
0.0
0.0
0.0
0.0
0.0
0.0
0.0
0.0
0.0
0.0
0.0
0.0
0.0
0.0
0.0
0.0
0.0
0.0
0.0
0.0
0.0
0.0
0.0
0.0
0.0
0.0
0.0
0.0
0.0
0.0
0.0
0.0
0.0
0.0
0.0
0.0
0.0
0.0
0.0
0.0
0.0
0.0
0.0
0.0
0.0
0.0
0.0
0.0
0.0
0.0
0.0
0.0
0.0
0.0
0.0
0.0
0.0
0.0
0.0
0.0
0.0
0.0
0.0
0.0
0.0
0.0
0.0
0.0
0.0
0.0
0.0
0.0
0.0
0.0
0.0
0.0
0.0
0.0
0.0
0.0
0.0
0.0
0.0
0.0
0.0
0.0
0.0
0.0
0.0
0.0
0.0
0.0
0.0
0.0
0.0
0.0
0.0
0.0
0.0
0.0
0.0
0.0
0.0
0.0
0.0
0.0
0.0
0.0
0.0
0.0
0.0
0.0
0.0
0.0
0.0
0.0
0.0
0.0
0.0
0.0
0.0
0.0
0.0
0.0
0.0
0.0
0.0
0.0
0.0
0.0
0.0
0.0
0.0
0.0
0.0
0.0
0.0
0.0
0.0
0.0
0.0
0.0
0.0
0.0
0.0
0.0
0.0
0.0
0.0
0.0
0.0
0.0
0.0
0.0
0.0
0.0
0.0
0.0
0.0
0.0
0.0
0.0
0.0
0.0
0.0
0.0
0.0
0.0
0.0
0.0
0.0
0.0
0.0
0.0
0.0
0.0
0.0
0.0
0.0
0.0
0.0
0.0
0.0
0.0
0.0
0.0
0.0
0.0
0.0
0.0
0.0
0.0
0.0
0.0
0.0
0.0
0.0
0.0
0.0
0.0
0.0
0.0
0.0
0.0
0.0
0.0
0.0
0.0
0.0
0.0
0.0
0.0
0.0
0.0
0.0
0.0
0.0
0.0
0.0
0.0
0.0
0.0
0.0
0.0
0.0
1.0
1.0
1.0
1.0
1.0
1.0
1.0
1.0
1.0
1.0
1.0
1.0
1.0
1.0
1.0
1.0
1.0
1.0
1.0
1.0
1.0
1.0
1.0
1.0
1.0
1.0
1.0
1.0
1.0
1.0
1.0
1.0
1.0
1.0
1.0
1.0
1.0
1.0
1.0
1.0
1.0
1.0
1.0
1.0
1.0
1.0
1.0
1.0
1.0
1.0
1.0
1.0
1.0
1.0
1.0
1.0
1.0
1.0
1.0
1.0
1.0
1.0
1.0
1.0
1.0
1.0
1.0
1.0
1.0
1.0
1.0
1.0
1.0
1.0
1.0
1.0
1.0
1.0
1.0
1.0
1.0
1.0
1.0
1.0
1.0
1.0
1.0
1.0
1.0
1.0
1.0
1.0
1.0
1.0
1.0
1.0
1.0
1.0
1.0
1.0
1.0
1.0
1.0
1.0
1.0
1.0
1.0
1.0
1.0
1.0
1.0
1.0
1.0
1.0
1.0
1.0
1.0
1.0
1.0
1.0
1.0
1.0
1.0
1.0
1.0
1.0
1.0
1.0
1.0
1.0
1.0
1.0
1.0
1.0
1.0
1.0
1.0
1.0
1.0
1.0
1.0
1.0
1.0
1.0
1.0
1.0
1.0
1.0
1.0
1.0
1.0
1.0
1.0
1.0
1.0
1.0
1.0
1.0
1.0
1.0
1.0
1.0
1.0
1.0
1.0
1.0
1.0
1.0
1.0
1.0
1.0
1.0
1.0
1.0
1.0
1.0
1.0
1.0
1.0
1.0
1.0
1.0
1.0
1.0
1.0
1.0
1.0
1.0
1.0
1.0
1.0
1.0
1.0
1.0
1.0
1.0
1.0
1.0
1.0
1.0
1.0
1.0
1.0
1.0
1.0
1.0
1.0
1.0
1.0
1.0
1.0
1.0
1.0
1.0
1.0
1.0
1.0
1.0
1.0
1.0
1.0
1.0
1.0
1.0
1.0
1.0
1.0
1.0
1.0
1.0
1.0
1.0
1.0
1.0
1.0
1.0
1.0
1.0
1.0
1.0
1.0
1.0
1.0
1.0
1.0
1.0
1.0
1.0
1.0
1.0
1.0
1.0
1.0
1.0
1.0
1.0
1.0
1.0
1.0
1.0
1.0
1.0
1.0
1.0
1.0
1.0
1.0
1.0
1.0
1.0
1.0
1.0
1.0
1.0
1.0
1.0
1.0
1.0
1.0
1.0
1.0
1.0
1.0
1.0
1.0
1.0
1.0
1.0
1.0
1.0
1.0
1.0
1.0
1.0
1.0
1.0
1.0
1.0
1.0
1.0
1.0
1.0
1.0
1.0
1.0
1.0
1.0
1.0
1.0
1.0
1.0
1.0
1.0
1.0
1.0
1.0
1.0
1.0
1.0
1.0
1.0
1.0
1.0
1.0
1.0
1.0
1.0
1.0
1.0
1.0
1.0
1.0
1.0
1.0
1.0
1.0
1.0
1.0
1.0
1.0
1.0
1.0
1.0
1.0
1.0
1.0
1.0
1.0
1.0
1.0
1.0
1.0
1.0
1.0
1.0
1.0
1.0
1.0
1.0
1.0
1.0
1.0
1.0
1.0
1.0
1.0
1.0
1.0
1.0
1.0
1.0
1.0
1.0
1.0
1.0
1.0
1.0
1.0
1.0
1.0
1.0
1.0
1.0
1.0
1.0
1.0
1.0
1.0
1.0
1.0
1.0
1.0
1.0
1.0
1.0
1.0
1.0
1.0
1.0
1.0
1.0
1.0
1.0
1.0
1.0
1.0
1.0
1.0
1.0
1.0
1.0
1.0
1.0
1.0
1.0
1.0
1.0
1.0
1.0
1.0
1.0
1.0
1.0
1.0
1.0
1.0
1.0
1.0
1.0
1.0
1.0
1.0
1.0
1.0
1.0
1.0
1.0
1.0
1.0
1.0
1.0
1.0
1.0
1.0
1.0
1.0
1.0
1.0
1.0
1.0
1.0
1.0
1.0
1.0
1.0
1.0
1.0
1.0
1.0
1.0
1.0
1.0
1.0
1.0
1.0
1.0
1.0
1.0
1.0
1.0
1.0
1.0
1.0
1.0
1.0
1.0
1.0
1.0
1.0
1.0
1.0
1.0
1.0
1.0
1.0
1.0
1.0
1.0
1.0
1.0
1.0
1.0
1.0
1.0
1.0
1.0
1.0
1.0
1.0
1.0
1.0
1.0
1.0
1.0
1.0
1.0
1.0
1.0
1.0
1.0
1.0
1.0
1.0
1.0
1.0
1.0
1.0
1.0
1.0
1.0
1.0
1.0
1.0
1.0
1.0
1.0
1.0
1.0
1.0
1.0
1.0
1.0
1.0
1.0
1.0
1.0
1.0
1.0
1.0
1.0
1.0
1.0
1.0
1.0
1.0
1.0
1.0
1.0
1.0
1.0
1.0
1.0
1.0
1.0
1.0
1.0
1.0
1.0
1.0
1.0
1.0
1.0
1.0
1.0
1.0
1.0
1.0
1.0
1.0
1.0
1.0
1.0
1.0
1.0
1.0
1.0
1.0
1.0
1.0
1.0
1.0
1.0
1.0
1.0
1.0
1.0
1.0
1.0
1.0
1.0
1.0
1.0
1.0
1.0
1.0
1.0
1.0
1.0
1.0
1.0
1.0
1.0
1.0
1.0
1.0
1.0
1.0
1.0
1.0
1.0
1.0
1.0
1.0
1.0
1.0
1.0
1.0
1.0
1.0
1.0
1.0
1.0
1.0
1.0
1.0
### factor:2
0.0
0.0
0.0
0.0
0.0
0.0
0.0
0.0
0.0
0.0
0.0
0.0
0.0
0.0
0.0
0.0
0.0
0.0
0.0
0.0
0.0
0.0
0.0
0.0
0.0
0.0
0.0
0.0
0.0
0.0
0.0
0.0
0.0
0.0
0.0
0.0
0.0
0.0
0.0
0.0
0.0
0.0
0.0
0.0
0.0
0.0
0.0
0.0
0.0
0.0
0.0
0.0
0.0
0.0
0.0
0.0
0.0
0.0
0.0
0.0
0.0
0.0
0.0
0.0
0.0
0.0
0.0
0.0
0.0
0.0
0.0
0.0
0.0
0.0
0.0
0.0
0.0
0.0
0.0
0.0
0.0
0.0
0.0
0.0
0.0
0.0
0.0
0.0
0.0
0.0
0.0
0.0
0.0
0.0
0.0
0.0
0.0
0.0
0.0
0.0
0.0
0.0
0.0
0.0
0.0
0.0
0.0
0.0
0.0
0.0
0.0
0.0
0.0
0.0
0.0
0.0
0.0
0.0
0.0
0.0
0.0
0.0
0.0
0.0
0.0
0.0
0.0
0.0
0.0
0.0
0.0
0.0
0.0
0.0
0.0
0.0
0.0
0.0
0.0
0.0
0.0
0.0
0.0
0.0
0.0
0.0
0.0
0.0
0.0
0.0
0.0
0.0
0.0
0.0
0.0
0.0
0.0
0.0
0.0
0.0
0.0
0.0
0.0
0.0
0.0
0.0
0.0
0.0
0.0
0.0
0.0
0.0
0.0
0.0
0.0
0.0
0.0
0.0
0.0
0.0
0.0
0.0
0.0
0.0
0.0
0.0
0.0
0.0
0.0
0.0
0.0
0.0
0.0
0.0
0.0
0.0
0.0
0.0
0.0
0.0
0.0
0.0
0.0
0.0
0.0
0.0
0.0
0.0
0.0
0.0
0.0
0.0
0.0
0.0
0.0
0.0
0.0
0.0
0.0
0.0
0.0
0.0
0.0
0.0
0.0
0.0
0.0
0.0
0.0
0.0
0.0
0.0
0.0
0.0
0.0
0.0
0.0
0.0
0.0
0.0
0.0
0.0
0.0
0.0
0.0
0.0
0.0
0.0
0.0
0.0
0.0
0.039210547854785484
0.07764467484271939
0.11531775512701707
0.1522448584420658
0.18844075612151953
0.22391992700702915
0.2586965632399723
0.2927845759384991
0.32619760076216486
0.3589490033663758
0.39105188474882924
0.42251908649008746
0.45336319589038115
0.48359655100469723
0.5132312455781654
0.5422791338837174
0.5707518354639544
0.5986607397791185
0.6260170107630293
0.6528315912888059
0.6791152075461618
0.7048783733320246
0.7301313942561941
0.7548843718637239
0.7791472076756744
0.8029296071498526
0.8262410835631255
0.849090961816857
0.8714883821669926
0.8934423038802847
0.9149615088181173
0.9360546049493691
0.9567300297937145
0.9769960537967449
0.9968607836382568
1.016332165475032
1.0354179881194057
1.054125886154896
1.072463342990139
1.0904376938523512
1.1080561287215196
1.1253256952064883
1.1422533013640963
1.158845718462493
1.1751095836897345
1.1910514028087489
1.2066775527597267
1.221994284210983
1.2370077240593074
1.2517238778808046
1.2661486323332056
1.280287757510608
1.2941469092515918
1.3077316314016294
1.3210473580306983
1.334099415606981
1.3468930251275235
1.359433304206704
1.3717252691233464
1.3837738368272992
1.3955838269062806
1.407159963513778
1.4185068772587723
1.4296291070580436
1.4405311019517977
1.4512172228833422
1.4616917444435218
1.4719588565806112
1.482022666276351
1.491887199188794
1.501556401262624
1.5110341403075838
1.520324207545653
1.5294303191275858
1.5383561176194216
1.5471051734595598
1.5556809863869825
1.564086986841197
1.5723265373344577
1.5804029337968146
1.588319406894531
1.5960791233223917
1.6036851870704234
1.611140640665533
1.6184484663885577
1.6256115874672177
1.6326328692454461
1.6395151203295653
1.6462610937117657
1.6528734878713405
1.6593549478541127
1.6657080663304893
1.671935384632563
1.6780393937706801
1.684022535429877
1.6898872029465872
1.6956357422660078
1.7012704528805083
1.706793588749459
1.712207359200844
1.7175139298150228
1.7227154232909907
1.7278139202954863
1.7328114602952869
1.7377100423730216
1.7425116260268316
1.7472181319541953
1.7518314428202326
1.7563534040107966
1.7607858243706525
1.7651304769270386
1.7693890995989028
1.773563395892091
1.7776550355807745
1.7816656553753802
1.785596859577297
1.7894502207206184
1.7932272802011762
1.7969295488931198
1.8005585077532866
1.8041156084136034
1.807602273761759
1.8110198985103785
1.8143698497549265
1.8176534675205638
1.8208720652981751
1.8240269305697834
1.8271193253235594
1.8301504865586333
1.8331216267799124
1.8360339344830974
1.8388885746300978
1.8416866891150316
1.8444293972209986
1.847117796067808
1.8497529610508414
1.8523359462712252
1.854867784957485
1.857349489878851
1.8597820537503786
1.8621664496300487
1.8645036313080028
1.8667945336880722
1.8690400731617525
1.8712411479747715
1.8733986385864
1.8755134080216476
1.8775863022164831
1.8796181503562213
1.8816097652072075
1.883561943441935
1.8854754659577253
1.8873510981890964
1.8891895904139475
1.8909916780536802
1.8927580819673766
1.8944895087401525
1.8961866509658014
1.8978501875238405
1.8994807838510719
1.9010790922077663
1.9026457519385755
1.9041813897282795
1.905686619852468
1.9071620444232589
1.9086082536301516
1.9100258259761103
1.911415328508973
1.9127773170482782
1.9141123364076005
1.9154209206124826
1.9167035931140528
1.9179608669984132
1.9191932451918798
1.9204012206621608
1.9215852766155495
1.9227458866902134
1.9238835151456564
1.9249986170484277
1.9260916384541558
1.9271630165859752
1.928213180009423
1.9292425488038698
1.9302515347305573
1.9312405413973084
1.9322099644199755
1.9331601915806926
1.9340916029829929
1.935004571203855
1.9358994614427398
1.9367766316676736
1.937636432758441
1.9384792086469418
1.9393052964547677
1.9401150266280554
1.94090872306967
1.9416867032687701
1.9424492784278076
1.9431967535870132
1.943929427746416
1.9446475939854484
1.9453515395801806
1.9460415461182359
1.946717889611429
1.9473808406061746
1.9480306642917093
1.948667620606171
1.9492919643405777
1.9499039452407472
1.9505038081071986
1.9510917928930762
1.9516681348001335
1.9522330643728174
1.952786807590489
1.9533295859578181
1.9538616165933882
1.9543831123165465
1.9548942817325354
1.9553953293159363
1.9558864554924626
1.9563678567191332
1.9568397255628565
1.9573022507774616
1.9577556173792006
1.9582000067207588
1.9586355965637976
1.9590625611500618
1.9594810712710784
1.9598912943364752
1.960293394440948
1.9606875324298993
1.9610738659637799
1.9614525495811537
1.9618237347605165
1.962187569980889
1.9625442007812102
1.9628937698185547
1.9632364169251981
1.9635722791645516
1.9639014908859886
1.964224183778587
1.964540486923806
1.9648505268471208
1.9651544275686343
1.9654523106526869
1.9657442952564836
1.966030498177759
1.9663110339014973
1.9665860146457281
1.9668555504064154
1.967119749001457
1.9673787161138132
1.967632555333782
1.967881368200435
1.9681252542422367
1.9683643110168554
1.9685986341501878
1.9688283173746115
1.9690534525664787
1.9692741297828675
1.9694904372976068
1.9697024616365861
1.9699102876123682
1.970113998358114
1.9703136753608377
1.9705093984940025
1.9707012460494715
1.9708892947688244
1.971073619874056
1.9712542950976661
1.971431392712153
1.9716049835589236
1.9717751370766308
1.9719419213289504
1.972105403031807
1.9722656475800613
1.9724227190736692
1.972576680343322
1.9727275929755805
1.9728755173375094
1.9730205126008258
1.9731626367655681
1.9733019466832973
1.9734384980798376
1.9735723455775682
1.9737035427172727
1.9738321419795561
1.973958194805838
1.9740817516189295
1.974202861843203
1.9743215739243631
1.9744379353488248
1.9745519926627093
1.9746637914904628
1.974773376553107
1.9748807916861282
1.9749860798570114
1.9750892831824287
1.9751904429450864
1.9752895996102382
1.9753867928418722
1.9754820615185769
1.9755754437490929
1.9756669768875577
1.9757566975484468
1.975844641621221
1.9759308442846817
1.9760153400210436
1.976098162629728
1.9761793452408825
1.9762589203286338
1.976336919724078
1.9764133746280133
1.9764883156234203
1.9765617726876967
1.9766337752046474
1.976704351976239
1.9767735312341215
1.97684134065092
1.9769078073513053
1.9769729579228439
1.977036818426633
1.9770994144077252
1.977160770905348
1.9772209124629183
1.9772798631378607
1.9773376465112316
1.9773942856971503
1.9774498033520465
1.9775042216837222
1.977557562460236
1.9776098470186092
1.9776610962733625
1.977711330724881
1.977760570467615
1.9778088351981182
1.9778561442229263
1.9779025164662798
1.9779479704776943
1.9779925244393806
1.9780361961735171
1.97807900314938
1.9781209624903302
1.9781620909806636
1.9782024050723246
1.9782419208914872
1.9782806542450062
1.9783186206267394
1.9783558352237454
1.9783923129223593
1.9784280683141469
1.9784631157017416
1.9784974691045658
1.9785311422644385
1.9785641486510728
1.9785965014674631
1.9786282136551676
1.978659297899484
1.9786897666345244
1.9787196320481892
1.978748906087042
1.9787776004610886
1.9788057266484613
1.97883329590001
1.9788603192438026
1.9788868074895372
1.9789127712328651
1.97893822085963
1.9789631665500218
1.9789876182826491
1.9790115858385313
1.97903507880501
1.979058106579585
1.9790806783736732
1.9791028032162934
1.9791244899576774
1.979145747272811
1.9791665836649033
1.9791870074687894
1.979207026854263
1.9792266498293452
1.9792458842434875
1.9792647377907122
1.9792832180126894
1.9793013323017543
1.9793190879038642
1.9793364919214966
1.9793535513164906
1.9793702729128315
1.9793866633993809
1.9794027293325518
1.9794184771389318
1.9794339131178535
1.979449043443914
1.9794638741694457
1.9794784112269364
1.979492660431403
1.979506627482717
1.9795203179678857
1.9795337373632853
1.9795468910368528
1.979559784250233
1.9795724221608835
1.9795848098241366
1.9795969521952232
1.9796088541312533
1.97962052039316
1.9796319556476039
1.979643164468839
1.9796541513405432
1.9796649206576118
1.9796754767279152
1.9796858237740222
1.9796959659348892
1.9797059072675156
1.9797156517485672
1.9797252032759665
1.9797345656704515
1.979743742677105
1.9797527379668518
1.979761555137928
1.9797701977173192
1.9797786691621728
1.9797869728611794
1.9797951121359296
1.9798030902422417
1.9798109103714643
1.9798185756517537
1.979826089149324
1.9798334538696747
1.9798406727587918
1.9798477487043273
1.979854684536754
1.9798614830304968
1.9798681469050443
1.979874678826035
1.9798810814063246
1.9798873572070301
1.9798935087385559
1.9798995384615963
1.9799054487881211
1.9799112420823397
1.979916920661647
1.9799224867975505
1.9799279427165786
1.9799332906011717
1.9799385325905552
1.9799436707815945
1.9799487072296345
1.9799536439493215
1.9799584829154095
1.9799632260635494
1.9799678752910632
1.9799724324577044
1.9799768993864002
1.9799812778639818
1.9799855696418984
1.9799897764369185
1.9799938999318163
1.9799979417760445
1.980001903586395
1.9800057869476444
1.9800095934131892
1.9800133245056661
1.9800169817175624
1.980020566511811
1.9800240803223776
1.9800275245548336
1.9800309005869174
1.9800342097690873
1.9800374534250598
1.9800406328523408
1.9800437493227436
1.980046804082898
1.9800497983547487
1.9800527333360443
1.9800556102008164
1.9800584300998496
1.9800611941611408
1.9800639034903513
1.9800665591712492
1.9800691622661422
1.9800717138163026
1.980074214842385
1.980076666344833
1.9800790693042802
1.9800814246819423
1.9800837334200019
1.980085996441985
1.9800882146531307
1.9800903889407526
1.9800925201745951
1.9800946092071803
1.9800966568741487
1.9800986639945946
1.980100631371393
1.9801025597915205
1.9801044500263711
1.980106302832064
1.9801081189497463
1.980109899105889
1.9801116440125783
1.9801133543678004
1.98011503085572
1.9801166741469547
1.9801182848988428
1.9801198637557065
1.9801214113491097
1.9801229282981103
1.9801244152095083
1.980125872678088
1.980127301286856
1.9801287016072755
1.9801300741994927
1.9801314196125632
1.9801327383846699
1.9801340310433393
1.9801352981056521
1.9801365400784503
1.9801377574585393
1.9801389507328875
1.9801401203788205
1.9801412668642122
1.9801423906476723
1.9801434921787289
1.9801445718980093
1.9801456302374154
1.9801466676202972
1.9801476844616217
1.980148681168139
1.980149658138545
1.9801506157636408
1.9801515544264894
1.9801524745025683
1.98015337635992
1.9801542603592996
1.980155126854319
1.9801559761915872
1.9801568087108508
1.9801576247451285
1.980158424620845
1.9801592086579611
1.9801599771701022
1.9801607304646833
1.9801614688430322
1.9801621926005104
1.9801629020266303
1.9801635974051717
1.9801642790142955
1.9801649471266545
1.9801656020095024
1.9801662439248011
1.9801668731293252
1.980167489874765
1.9801680944078268
1.980168686970332
1.9801692677993137
1.9801698371271108
1.9801703951814622
1.980170942185597
1.9801714783583244
1.9801720039141204
1.9801725190632145
1.980173024011673
1.9801735189614822
1.9801740041106286
1.9801744796531782
1.9801749457793543
1.9801754026756138
1.9801758505247211
1.9801762895058221
1.9801767197945148
1.9801771415629206
1.9801775549797525
1.9801779602103826
1.9801783574169087
1.9801787467582186
1.980179128390054
1.9801795024650728
1.98017986913291
1.9801802285402375
1.980180580830823
1.9801809261455876
1.9801812646226618
1.9801815963974407
1.980181921602639
1.980182240368343
1.980182552822063
1.9801828590887849
1.9801831592910193
1.9801834535488512
1.9801837419799877
1.980184024699805
1.980184301821395
1.9801845734556096
1.9801848397111066
1.9801851006943916
1.9801853565098613
1.9801856072598452
1.9801858530446468
1.9801860939625833
1.9801863301100249
1.980186561581434
1.980186788469402
1.9801870108646873
1.980187228856251
1.9801874425312924
1.9801876519752846
1.9801878572720077
1.9801880585035836
1.9801882557505073
1.9801884490916801
1.9801886386044412
1.9801888243645982
1.9801890064464576
1.9801891849228546
1.9801893598651823
1.9801895313434197
1.9801896994261605
1.9801898641806401
1.9801900256727625
1.9801901839671265
1.9801903391270521
1.9801904912146053
1.9801906402906233
1.9801907864147383
1.980190929645402
1.9801910700399086
1.9801912076544177
1.9801913425439768
1.9801914747625438
1.9801916043630077
1.9801917313972104
1.9801918559159675
1.980191977969088
1.9801920976053948
1.980192214872744
1.9801923298180442
1.9801924424872748
1.9801925529255051
1.980192661176912
1.9801927672847974
1.980192871291606
1.9801929732389416
1.980193073167585
1.9801931711175085
1.9801932671278937
1.9801933612371458
1.98019345348291
1.9801935439020855
1.9801936325308414
1.9801937194046304
1.980193804558203
1.980193888025622
1.9801939698402753
1.98019405003489
1.980194128641545
1.980194205691684
1.9801942812161277
1.9801943552450874
1.9801944278081756
1.9801944989344182
1.980194568652267
1.98019463698961
1.9801947039737828
1.98019476963158
1.9801948339892659
1.9801948970725842
1.980194958906769
1.9801950195165552
1.980195078926187
1.9801951371594293
1.9801951942395761
1.9801952501894604
1.9801953050314627
1.9801953587875205
1.9801954114791371
1.9801954631273897
1.9801955137529383
1.980195563376034
1.9801956120165265
1.9801956596938728
1.9801957064271445
1.9801957522350353
1.980195797135869
1.9801958411476068
1.9801958842878538
1.9801959265738667
1.9801959680225603
1.9801960086505148
1.980196048473982
1.9801960875088918
1.9801961257708585
1.9801961632751874
1.980196200036881
1.980196236070644
1.980196271390891
1.98019630601175
1.9801963399470701
1.980196373210426
1.9801964058151231
1.980196437774204
1.9801964691004528
1.9801964998064003
1.9801965299043294
1.9801965594062794
1.9801965883240518
1.9801966166692138
1.980196644453104
1.9801966716868364
1.9801966983813049
1.9801967245471872
1.9801967501949505
1.980196775334854
1.980196799976954
1.9801968241311079
1.9801968478069774
1.9801968710140332
1.9801968937615586
1.9801969160586528
1.980196937914235
1.9801969593370476
1.9801969803356603
1.9801970009184724
1.9801970210937176
1.9801970408694662
1.9801970602536287
1.9801970792539592
1.9801970978780579
1.9801971161333747
1.980197134027212
1.9801971515667276
1.9801971687589375
1.9801971856107188
1.9801972021288123
1.9801972183198258
1.9801972341902356
1.9801972497463904
1.9801972649945128
1.980197279940702
1.9801972945909367
1.9801973089510776
1.9801973230268686
1.9801973368239403
1.9801973503478116
1.9801973636038923
1.980197376597485
1.9801973893337872
1.9801974018178938
### factor:3
0.0
0.039602653333333335
0.07842112159114659
0.11647093267828725
0.15376730702648647
0.19032516368273472
0.22615912627709941
0.261283528872372
0.29571242169788403
0.3294595767697865
0.3625384934000395
0.3949624035963175
0.4267442773549883
0.4578968278492849
0.4884325165147441
0.518363558033947
0.5477019252225545
0.5764593538185937
0.6046473471769095
0.6322771808706594
0.6593599072016938
0.6859063596216234
0.7119271570653448
0.737432708198756
0.762433215582361
0.7869386797524309
0.810958903221351
0.8345034943987566
0.8575818714350253
0.8802032659886624
0.9023767269190873
0.9241111239062983
0.9454151509988626
0.9662973300916515
0.9867660143347122
1.0068293914746393
1.0264954871297822
1.0457721680005996
1.0646671450164449
1.0831879764200403
1.1013420707908748
1.119136690008735
1.1365789521585532
1.1536758343777374
1.170434175647118
1.1868606795266319
1.2029619168368364
1.218744328287324
1.234214227053093
1.2493778012999004
1.2642411166596126
1.2788101186565375
1.2930906350857139
1.3070883783441076
1.3208089477156457
1.3342578316110052
1.3474404097630508
1.3603619553787987
1.373027637248771
1.38544252181458
1.3976115751955724
1.4095396651753438
1.421231563148916
1.4326919460313605
1.4439253981286244
1.454936412971316
1.4657293951121761
1.4763086618879575
1.486678445146418
1.4968428929391149
1.5068060711806823
1.5165719652752503
1.5261444817106598
1.5355274496211095
1.5447246223188618
1.553739678795616
1.5625762251941555
1.5712377962508526
1.5797278567096094
1.5880498027078025
1.596206963134783
1.6042026009634767
1.612039914555616
1.619722038941128
1.6272520470721887
1.6346329510524436
1.64186770334189
1.6489591979379008
1.655910271532861
1.6627237046488836
1.6694022227500542
1.6759484973326544
1.6823651469937948
1.6886547384788893
1.6948197877083875
1.7008627607841764
1.7067860749760537
1.7125920996886683
1.7182831574093138
1.723861524636954
1.729329432792853
1.7346890691131738
1.7399425775239012
1.7450920594984418
1.7501395748982405
1.7550871427967527
1.7599367422871008
1.7646903132737382
1.7693497572484358
1.7739169380509054
1.7783936826143596
1.7827817816963096
1.7870829905948924
1.7912990298510127
1.795431585936583
1.7994823119291348
1.8034528281730708
1.8073447229278252
1.8111595530031885
1.8148988443820517
1.8185640928308202
1.8221567644977401
1.8256782964993772
1.8291300974954827
1.8325135482524761
1.8358300021957699
1.8390807859511573
1.8422671998754816
1.8453905185767951
1.84845199142422
1.8514528430477117
1.8543942738279287
1.857277460376399
1.8601035560061823
1.862873691193209
1.8655889740284863
1.8682504906613502
1.8708593057339378
1.8734164628070602
1.8759229847776397
1.8783798742878828
1.8807881141263494
1.883148667621083
1.885462479024953
1.88773047389337
1.8899535594545191
1.892132624972264
1.8942685421018641
1.896362165238648
1.8984143318597835
1.9004258628592794
1.9023975628763543
1.9043302206173025
1.9062246091709871
1.9080814863180868
1.9099015948342168
1.9116856627870502
1.913434403827554
1.9151485174754592
1.9168286893990787
1.9184755916895824
1.9200898831298436
1.921672209457961
1.923223203625562
1.9247434860509924
1.9262336648674914
1.927694336166453
1.929126084235871
1.9305294817940624
1.9319050902187607
1.9332534597716762
1.9345751298186071
1.9358706290451932
1.9371404756683972
1.9383851776437986
1.9396052328687823
1.9408011293817047
1.9419733455571153
1.9431223502971127
1.9442486032189117
1.945352554838697
1.9464346467518348
1.947495311809517
1.9485349742919083
1.9495540500778625
1.950552946811281
1.951532064064175
1.9524917934964992
1.9534325190128223
1.9543546169158932
1.9552584560571666
1.9561443979843498
1.957012797086025
1.957864000733411
1.958698349419315
1.9595161768943357
1.9603178103003664
1.9611035703014574
1.9618737712120853
1.9626287211228828
1.9633687220238796
1.9640940699253022
1.964805054975982
1.9655019615794178
1.966185068507543
1.966854649012236
1.9675109709346261
1.9681542968122325
1.9687848839839832
1.9694029846931542
1.97000884618827
1.9706027108220063
1.9711848161481342
1.9717553950165452
1.9723146756663936
1.9728628818173959
1.9734002327593216
1.9739269434397115
1.9744432245498602
1.974949282609095
1.9754453200473867
1.9759315352863238
1.9764081228184844
1.9768752732852355
1.977333173552992
1.977782006787966
1.9782219525294351
1.978653186761562
1.9790758819837886
1.9794902072798395
1.979896328385357
1.980294407754198
1.9806846046234172
1.9810670750769648
1.9814419721081213
1.9818094456806976
1.9821696427890219
1.9825227075167398
1.9828687810944496
1.9832080019561966
1.983540505794848
1.9838664256163725
1.9841858917930437
1.9844990321155918
1.9848059718443205
1.9851068337592137
1.9854017382090485
1.9856908031595366
1.9859741442405123
1.9862518747921856
1.9865241059104797
1.9867909464914717
1.9870525032749515
1.9873088808871198
1.9875601818824395
1.9878065067846593
1.988047954127024
1.9882846204916897
1.9885166005483579
1.9887439870921437
1.9889668710806965
1.9891853416705831
1.9893994862529523
1.989609390488492
1.989815138341695
1.990016812114446
1.9902144924789424
1.990408258509966
1.9905981877165124
1.9907843560727965
1.9909668380486427
1.9911457066392744
1.9913210333945126
1.991492888447397
1.9916613405422399
1.9918264570621251
1.991988304055862
1.9921469462644057
1.9923024471467552
1.9924548689053363
1.9926042725108846
1.9927507177268342
1.992894263133224
1.9930349661501305
1.9931728830606361
1.993308069033344
1.9934405781444455
1.9935704633993518
1.9936977767538966
1.993822569135119
1.9939448904616353
1.9940647896636068
1.994182314702313
1.9942975125893363
1.9944104294053675
1.9945211103186382
1.9946295996029895
1.9947359406555816
1.9948401760142531
1.9949423473745374
1.9950424956063406
1.9951406607702908
1.9952368821337625
1.9953311981865838
1.9954236466564332
1.9955142645239312
1.9956030880374331
1.9956901527275286
1.9957754934212542
1.9958591442560254
1.9959411386932915
1.9960215095319203
1.9961002889213189
1.9961775083742934
1.9962531987796546
1.9963273904145737
1.996400112956694
1.9964713954960016
1.9965412665464628
1.9966097540574292
1.9966768854248185
1.9967426875020724
1.9968071866108992
1.9968704085518025
1.9969323786144015
1.9969931215875474
1.9970526617692392
1.9971110229763436
1.9971682285541215
1.9972243013855666
1.9972792639005592
1.997333138084838
1.997385945488795
1.9974377072360958
1.9974884440321294
1.9975381761722908
1.9975869235500991
1.9976347056651553
1.9976815416309424
1.997727450182471
1.9977724496837743
1.9978165581352523
1.997859793180874
1.9979021721152337
1.9979437118904704
1.997984429123048
1.9980243401004023
1.9980634607874566
1.998101806833007
1.998139393575983
1.9981762360515831
1.9982123489972887
1.9982477468587594
1.9982824437956117
1.9983164536870832
1.9983497901375837
1.998382466482138
1.9984144957917194
1.998445890878479
1.9984766643008698
1.9985068283686713
1.9985363951479127
1.9985653764656999
1.9985937839149461
1.9986216288590102
1.998648922436241
1.9986756755644328
1.9987018989451941
1.9987276030682266
1.9987527982155222
1.998777494465476
1.9988017016969168
1.9988254295930603
1.998848687645381
1.9988714851574103
1.9988938312484565
1.9597051870024689
1.9212925299028198
1.8836404943745355
1.8467340191014117
1.8105583410012862
1.7750989893206095
1.7403417798459502
1.7062728092301203
1.6728784494306514
1.6401453422583963
1.6080603940340739
1.5766107703506242
1.5457838909392745
1.5155674246372628
1.4859492844552096
1.4569176227421603
1.4284608264463672
1.400567512469914
1.3732265231153242
1.3464269216223346
1.3201579877930443
1.2944092137036927
1.2691702995013505
1.244431149283841
1.220181867061244
1.196412752797369
1.1731142985296101
1.1502771845656357
1.1278922757553858
1.1059506178368912
1.0844434338544489
1.063362120647723
1.042698245410366
1.022443542316783
1.0025899092156925
0.9831294043891567
0.9640542433757895
0.9453567958568672
0.9270295826040998
0.9090652724878403
0.8914566795445341
0.8741967601022387
0.8572786099630605
0.8406954616413839
0.8244406816567865
0.808507767880559
0.7928903469347663
0.7775821716428122
0.7625771185304846
0.747869185376485
0.7334524888114591
0.7193212619645716
0.70546985215668
0.6918927186391884
0.6785844303776737
0.6655396638793993
0.6527532010638477
0.640219927175418
0.6279348287374559
0.615892991546796
0.6040895987080152
0.5925199287066101
0.5811793535203283
0.570063336767898
0.5591674318944146
0.5484872803926601
0.5380186100596414
0.5277572332876523
0.5176990453891752
0.5078400229549506
0.49817622224455993
0.48870377760887734
0.4794188999437578
0.4703178751743453
0.4613970627693934
0.452652894285004
0.44408187193720233
0.4356805672027768
0.4274456194478239
0.4193737345834497
0.41146168374809067
0.4037063020159259
0.3961044871308644
0.3886531982656015
0.38134945480524746
0.37419033515504135
0.3671729755716748
0.36029456901775586
0.35355236403895723
0.34694366366339746
0.34046582432281625
0.3341162547951121
0.3278924151678187
0.3217918158221063
0.3158120164369008
0.3099506250127229
0.3042052969148563
0.29857373393546277
0.2930536833742681
0.2876429371374522
0.2823393308543819
0.27714074301183406
0.2720450941053619
0.2670503458074654
0.26215450015223335
0.2573555987361301
0.2526517219346083
0.24804098813423311
0.24352155298001224
0.2390916086376289
0.23474938307028426
0.23049313932985893
0.22632117486211073
0.22223182082563014
0.21822344142428157
0.21429443325286301
0.21044322465572274
0.2066682750980759
0.20296807454977023
0.19934114288125374
0.1957860292715032
0.19230131162767647
0.18888559601625624
0.18553751610545816
0.18225573261867992
0.17903893279877264
0.17588582988292062
0.172795162587919
0.1697656946056437
0.16679621410851164
0.1638855332647336
0.1610324877631656
0.158235936347569
0.15549476036009277
0.15280786329379537
0.15017417035402744
0.14759262802849954
0.14506220366586325
0.14258188506263683
0.1401506800583103
0.13776761613846808
0.1354317400457702
0.13314211739863666
0.13089783231748242
0.12869798705835325
0.12654170165381623
0.12442811356096099
0.12235637731637117
0.12032566419792763
0.11833516189330869
0.11638407417505425
0.1144716205820643
0.11259703610740397
0.11075957089229066
0.10895848992614045
0.10719307275255409
0.10546261318112485
0.10376641900495294
0.10210381172375352
0.1004741262724475
0.09887671075512672
0.0973109261842868
0.09577614622522371
0.09427175694549147
0.09279715656932105
0.09135175523690198
0.08993497476843056
0.0885462484328303
0.08718502072105186
0.08585074712386206
0.08454289391403293
0.08326093793284367
0.08200436638081023
0.08077267661255864
0.0795653759357602
0.07838198141404792
0.07722201967383562
0.07608502671496209
0.07497054772508492
0.07387813689774944
0.07280735725406023
0.07175778046788374
0.07072898669451208
0.06972056440271958
0.06873211021014482
0.06776322872193226
0.06681353237256908
0.06588264127085379
0.06497018304793466
0.06407579270835723
0.06319911248406128
0.062339791691268825
0.061497486590205916
0.06067186024760215
0.05986258240191288
0.05906932933121021
0.05829178372368986
0.05752963455074225
0.056782576942536904
0.05605031206607045
0.05533254700562944
0.054628994645620134
0.053939373555718484
0.05326340787829419
0.052600827218064035
0.051951366533930114
0.05131476603295988
0.05069077106646553
0.050079132028141085
0.04947960425421659
0.04889194792558931
0.048315927971892915
0.04775131397746618
0.047197880089183665
0.046655404926111435
0.04612367149095175
0.04560246708324125
0.04509158321426793
0.04459081552367288
0.04409996369770342
0.04361883138908491
0.04314722613847924
0.04268495929749853
0.042231845953243245
0.041787704854334584
0.041352358338411506
0.04092563226106342
0.04050735592617009
0.04009736201762091
0.03969548653238626
0.03930156871491407
0.038915450992825465
0.038536978913883725
0.03816600108421132
0.037802369107730355
0.037445937526802135
0.03709656376404219
0.036754108065287415
0.03641843344369255
0.03608940562493359
0.035766892993496294
0.03545076654002822
0.035140899809733235
0.03483716885178796
0.03453945216975974
0.03424763067300647
0.033961587629038774
0.03368120861682541
0.03340638148102335
0.03313699628711418
0.03287294527742877
0.032614122828042796
0.032360425406525783
0.03211175153052672
0.03186800172717978
0.03162907849331385
0.03139488625644996
0.031165331336571008
0.030940321908648517
0.030719767965911398
0.03050358128384204
0.03029167538488532
0.030083965503856433
0.029880368554033695
0.029680803093922733
0.029485189294678815
0.02929344890817423
0.029105505235698017
0.02892128309727544
0.028740708801595
0.02856371011653093
0.028390216240249386
0.028220157772886757
0.02805346668878881
0.027890076309299506
0.02772992127608866
0.027572937525007734
0.02741906226046332
0.027268233930298067
0.027120392201169005
0.026975477934413395
0.02683343316239247
0.026694201065303628
0.026557725948451724
0.026423953219970476
0.026292829368984978
0.026164301944206634
0.02603831953295195
0.025914831740576776
0.025793789170317768
0.02567514340353303
0.025558846980334015
0.02544485338060093
0.025333117005374068
0.02522359315861362
0.02511623802932067
0.02501100867401219
0.024907862999543097
0.02480675974626842
0.024707658471538895
0.024610519533523376
0.024515304075351553
0.024421974009570708
0.02433049200291021
0.02424082146134772
0.024152926515471084
0.0240667720061301
0.023982323470372383
0.02389954712765773
0.02381840986634544
0.02373887923044923
0.023660923406654412
0.023584511211592125
0.023509612079365583
0.02343619604932331
0.02336423375407447
0.023293696407741538
0.02322455579444554
0.023156784257019353
0.023090354685944444
0.023025240508506715
0.022961415678167063
0.02289885466414241
0.02283753244119306
0.022777424479612254
0.022718506735413976
0.02266075564071503
0.022604148094307577
0.022548661452418337
0.022494273519650783
0.022440962540106683
0.022388707188683455
0.02233748656254384
0.022287280172754487
0.02223806793609011
0.022189830166999918
0.02214254756973315
0.022096201230620515
0.022050772610508453
0.022006243537343245
0.021962596198901944
0.02191981313566725
0.02187787723384347
0.02183677171851076
0.021796480146914956
0.021756986401890232
0.021718274685412035
0.02168032951227765
0.02164313570391192
0.02160667838229562
0.021570942964014034
0.021535915154423414
0.021501580941932913
0.02146792659239978
0.021434938643635507
0.02140260390002078
0.02137090942722705
0.021339842547042635
0.021309390832301267
0.021279542101911054
0.021250284415981882
0.021221606071049302
0.021193495595392995
0.021165941744447914
0.021138933496306318
0.021112460047308868
0.021086510807723013
0.021061075397506946
0.02103614364215747
0.021011705568640043
0.020987751401399437
0.02096427155844939
0.02094125664753968
0.020918697462399098
0.020896584979052817
0.020874910352212686
0.020853664911738998
0.020832840159172306
0.020812427764333938
0.020792419561993812
0.020772807548604236
0.02075358387909838
0.02073474086375214
0.02071627096510816
0.020698166794960726
0.02068042111140041
0.020663026815917196
0.02064597695056098
0.020629264695158307
0.020612883364584198
0.020596826406088023
0.020581087396672304
0.020565660040523435
0.02055053816649327
0.02053571572563059
0.02052118678876143
0.020506945544117337
0.02049298629501058
0.020479303457555408
0.020465891558434413
0.02045274523270913
0.020439859221674003
0.020427228370752813
0.02041484762743679
0.020402712039263544
0.02039081675183601
0.02037915700688062
0.020367728140343943
0.020356525580526988
0.02034554484625647
0.020334781545092287
0.020324231371570464
0.020313890105480938
0.020303753610179397
0.02029381783093258
0.02028407879329631
0.0202745326015257
0.02026517543701676
0.020256003556778937
0.02024701329193785
0.020238201046267702
0.020229563294752735
0.020221096582177182
0.02021279752174313
0.020204662793715758
0.020196689144095403
0.020188873383315903
0.02018121238496875
0.020173703084552456
0.020166342478246748
0.020159127621710963
0.020152055628906297
0.02014512367094134
0.020138328974940486
0.020131668822934747
0.020125140550774523
0.02011874154706391
0.020112469252116114
0.02010632115692953
0.020100294802184112
0.020094387777257618
0.02008859771926132
0.02008292231209483
0.020077359285519604
0.020071906414250853
0.020066561517067365
0.020061322455939008
0.020056187135171478
0.020051153500568006
0.020046219538607638
0.02004138327563981
0.02003664277709485
0.020031996146710144
0.020027441525771583
0.02002297709237007
0.020018601060672724
0.020014311680208518
0.020010107235168082
0.020005986043717346
0.02000194645732478
0.01999798686010197
0.01999410566815724
0.01999030132896206
0.019986572320730037
0.01998291715180816
0.019979334360080123
0.019975822512381475
0.01997238020392631
0.019969006057745355
0.019965698724135148
0.019962456880118152
0.01995927922891354
0.019956164499418463
0.019953111445699598
0.01995011884649475
0.019947185504724338
0.01994431024701255
0.019941491923217963
0.019938729405973483
0.019936021590235383
0.019933367392841267
0.01993076575207679
0.01992821562725096
0.019925715998279844
0.019923265865278535
0.01992086424816116
0.019918510186248857
0.019916202737885472
0.019913940980060895
0.019911724008041844
0.019909550935009953
0.019907420891707037
0.019905333026087376
0.019903286502976885
0.019901280503739037
0.01989931422594739
0.019897386883064614
0.01989549770412786
0.01989364593344036
0.019891830830269158
0.01989005166854878
0.019888307736590824
0.01988659833679925
0.019884922785391352
0.01988328041212423
0.01988167056002668
0.019880092585136396
0.019878545856242387
0.019877029754632472
0.019875543673845798
0.01987408701943023
0.01987265920870459
0.019871259670525544
0.019869887845059164
0.019868543183556974
0.019867225148136443
0.019865933211565833
0.01986466685705329
0.019863425578040127
0.019862208877998187
0.019861016270231232
0.019859847277680257
0.019858701432732655
0.01985757827703517
0.01985647736131055
0.019855398245177822
0.019854340496976153
0.019853303693592155
0.019852287420290653
0.019851291270548774
0.019850314845893346
0.019849357755741485
0.01984841961724437
0.019847500055134092
0.019846598701573553
0.019845715196009306
0.01984484918502735
0.019844000322211744
0.019843168268006046
0.01984235268957748
0.0198415532606838
0.01984076966154279
0.019840001578704348
0.019839248704925094
0.019838510739045485
0.019837787385869325
0.0198370783560457
0.019836383365953232
0.019835702137586616
0.01983503439844542
0.01983437988142509
0.019833738324710085
0.01983310947166917
0.019832493070752744
0.01983188887539222
0.0198312966439014
0.01983071613937979
0.019830147129617847
0.019829589387004076
0.019829042688434
0.019828506815220893
0.019827981553008335
0.01982746669168443
0.019826962025297788
0.019826467351975127
0.01982598247384052
0.01982550719693625
0.01982504133114522
0.019824584690114902
0.019824137091182793
0.019823698355303353
0.019823268306976383
0.019822846774176818
0.019822433588285917
0.019822028584023817
0.019821631599383414
0.019821242475565555
0.019820861056915526
0.019820487190860787
0.019820120727849926
0.019819761521292854
0.01981940942750216
0.01981906430563563
0.01981872601763992
0.01981839442819532
0.01981806940466163
0.01981775081702511
0.01981743853784645
0.01981713244220982
0.019816832407672878
0.019816538314217817
0.01981625004420333
0.019815967482317565
0.019815690515532006
0.019815419033056243
0.019815152926293666
0.019814892088798025
0.01981463641623084
0.01981438580631968
0.019814140158817238
0.019813899375461234
0.01981366335993512
0.019813432017829535
0.019813205256604554
0.019812982985552664
0.019812765115762482
0.019812551560083186
0.01981234223308966
0.01981213705104831
0.019811935931883587
0.019811738795145143
0.019811545561975657
0.01981135615507928
0.019811170498690734
0.019810988518544983
0.019810810141847546
0.019810635297245364
0.019810463914798265
0.019810295925950988
0.019810131263505754
0.019809969861595386
0.01980981165565697
0.01980965658240602
0.01980950457981117
### END
