### NP, NF, NT, dt
1 2 660 0.4
### promoter data
#   name
#   type, strength, number of genes
#   factor name
#   k, n
###
promoter 1
1 1.0 1
input 1
0.5 2
### factor data
#   name
#   degeneration, copy rate, number of genes
#   initial value
#   input type, timing, strength
###
input 1
0.05 0.1 1
0.0
1 100.0 1.0
output
0.05 0.1 1
0.0
0 0.0 1.0
### input type
1
### input data
### factor:0
0.0
0.0
0.0
0.0
0.0
0.0
0.0
0.0
0.0
0.0
0.0
0.0
0.0
0.0
0.0
0.0
0.0
0.0
0.0
0.0
0.0
0.0
0.0
0.0
0.0
0.0
0.0
0.0
0.0
0.0
0.0
0.0
0.0
0.0
0.0
0.0
0.0
0.0
0.0
0.0
0.0
0.0
0.0
0.0
0.0
0.0
0.0
0.0
0.0
0.0
0.0
0.0
0.0
0.0
0.0
0.0
0.0
0.0
0.0
0.0
0.0
0.0
0.0
0.0
0.0
0.0
0.0
0.0
0.0
0.0
0.0
0.0
0.0
0.0
0.0
0.0
0.0
0.0
0.0
0.0
0.0
0.0
0.0
0.0
0.0
0.0
0.0
0.0
0.0
0.0
0.0
0.0
0.0
0.0
0.0
0.0
0.0
0.0
0.0
0.0
0.0
0.0
0.0
0.0
0.0
0.0
0.0
0.0
0.0
0.0
0.0
0.0
0.0
0.0
0.0
0.0
0.0
0.0
0.0
0.0
0.0
0.0
0.0
0.0
0.0
0.0
0.0
0.0
0.0
0.0
0.0
0.0
0.0
0.0
0.0
0.0
0.0
0.0
0.0
0.0
0.0
0.0
0.0
0.0
0.0
0.0
0.0
0.0
0.0
0.0
0.0
0.0
0.0
0.0
0.0
0.0
0.0
0.0
0.0
0.0
0.0
0.0
0.0
0.0
0.0
0.0
0.0
0.0
0.0
0.0
0.0
0.0
0.0
0.0
0.0
0.0
0.0
0.0
0.0
0.0
0.0
0.0
0.0
0.0
0.0
0.0
0.0
0.0
0.0
0.0
0.0
0.0
0.0
0.0
0.0
0.0
0.0
0.0
0.0
0.0
0.0
0.0
0.0
0.0
0.0
0.0
0.0
0.0
0.0
0.0
0.0
0.0
0.0
0.0
0.0
0.0
0.0
0.0
0.0
0.0
0.0
0.0
0.0
0.0
0.0
0.0
0.0
0.0
0.0
0.0
0.0
0.0
0.0
0.0
0.0
0.0
0.0
0.0
0.0
0.0
0.0
0.0
0.0
0.0
0.0
0.0
0.0
0.0
0.0
0.0
1.0
1.0
1.0
1.0
1.0
1.0
1.0
1.0
1.0
1.0
1.0
1.0
1.0
1.0
1.0
1.0
1.0
1.0
1.0
1.0
1.0
1.0
1.0
1.0
1.0
1.0
1.0
1.0
1.0
1.0
1.0
1.0
1.0
1.0
1.0
1.0
1.0
1.0
1.0
1.0
1.0
1.0
1.0
1.0
1.0
1.0
1.0
1.0
1.0
1.0
1.0
1.0
1.0
1.0
1.0
1.0
1.0
1.0
1.0
1.0
1.0
1.0
1.0
1.0
1.0
1.0
1.0
1.0
1.0
1.0
1.0
1.0
1.0
1.0
1.0
1.0
1.0
1.0
1.0
1.0
1.0
1.0
1.0
1.0
1.0
1.0
1.0
1.0
1.0
1.0
1.0
1.0
1.0
1.0
1.0
1.0
1.0
1.0
1.0
1.0
1.0
1.0
1.0
1.0
1.0
1.0
1.0
1.0
1.0
1.0
1.0
1.0
1.0
1.0
1.0
1.0
1.0
1.0
1.0
1.0
1.0
1.0
1.0
1.0
1.0
1.0
1.0
1.0
1.0
1.0
1.0
1.0
1.0
1.0
1.0
1.0
1.0
1.0
1.0
1.0
1.0
1.0
1.0
1.0
1.0
1.0
1.0
1.0
1.0
1.0
1.0
1.0
1.0
1.0
1.0
1.0
1.0
1.0
1.0
1.0
1.0
1.0
1.0
1.0
1.0
1.0
1.0
1.0
1.0
1.0
1.0
1.0
1.0
1.0
1.0
1.0
1.0
1.0
1.0
1.0
1.0
1.0
1.0
1.0
1.0
1.0
1.0
1.0
1.0
1.0
1.0
1.0
1.0
1.0
1.0
1.0
1.0
1.0
1.0
1.0
1.0
1.0
1.0
1.0
1.0
1.0
1.0
1.0
1.0
1.0
1.0
1.0
1.0
1.0
1.0
1.0
1.0
1.0
1.0
1.0
1.0
1.0
1.0
1.0
1.0
1.0
1.0
1.0
1.0
1.0
1.0
1.0
1.0
1.0
1.0
1.0
1.0
1.0
1.0
1.0
1.0
1.0
1.0
1.0
1.0
1.0
1.0
1.0
1.0
1.0
1.0
1.0
1.0
1.0
1.0
1.0
1.0
1.0
1.0
1.0
1.0
1.0
1.0
1.0
1.0
1.0
1.0
1.0
1.0
1.0
1.0
1.0
1.0
1.0
1.0
1.0
1.0
1.0
1.0
1.0
1.0
1.0
1.0
1.0
1.0
1.0
1.0
1.0
1.0
1.0
1.0
1.0
1.0
1.0
1.0
1.0
1.0
1.0
1.0
1.0
1.0
1.0
1.0
1.0
1.0
1.0
1.0
1.0
1.0
1.0
1.0
1.0
1.0
1.0
1.0
1.0
1.0
1.0
1.0
1.0
1.0
1.0
1.0
1.0
1.0
1.0
1.0
1.0
1.0
1.0
1.0
1.0
1.0
1.0
1.0
1.0
1.0
1.0
1.0
1.0
1.0
1.0
1.0
1.0
1.0
1.0
1.0
1.0
1.0
1.0
1.0
1.0
1.0
1.0
1.0
1.0
1.0
1.0
1.0
1.0
1.0
1.0
1.0
1.0
1.0
1.0
1.0
1.0
1.0
1.0
1.0
1.0
1.0
1.0
1.0
1.0
1.0
1.0
1.0
1.0
1.0
1.0
1.0
1.0
1.0
1.0
1.0
1.0
1.0
1.0
1.0
1.0
1.0
1.0
1.0
1.0
1.0
1.0
1.0
1.0
1.0
1.0
1.0
1.0
1.0
1.0
1.0
1.0
1.0
1.0
### factor:1
0.0
0.0
0.0
0.0
0.0
0.0
0.0
0.0
0.0
0.0
0.0
0.0
0.0
0.0
0.0
0.0
0.0
0.0
0.0
0.0
0.0
0.0
0.0
0.0
0.0
0.0
0.0
0.0
0.0
0.0
0.0
0.0
0.0
0.0
0.0
0.0
0.0
0.0
0.0
0.0
0.0
0.0
0.0
0.0
0.0
0.0
0.0
0.0
0.0
0.0
0.0
0.0
0.0
0.0
0.0
0.0
0.0
0.0
0.0
0.0
0.0
0.0
0.0
0.0
0.0
0.0
0.0
0.0
0.0
0.0
0.0
0.0
0.0
0.0
0.0
0.0
0.0
0.0
0.0
0.0
0.0
0.0
0.0
0.0
0.0
0.0
0.0
0.0
0.0
0.0
0.0
0.0
0.0
0.0
0.0
0.0
0.0
0.0
0.0
0.0
0.0
0.0
0.0
0.0
0.0
0.0
0.0
0.0
0.0
0.0
0.0
0.0
0.0
0.0
0.0
0.0
0.0
0.0
0.0
0.0
0.0
0.0
0.0
0.0
0.0
0.0
0.0
0.0
0.0
0.0
0.0
0.0
0.0
0.0
0.0
0.0
0.0
0.0
0.0
0.0
0.0
0.0
0.0
0.0
0.0
0.0
0.0
0.0
0.0
0.0
0.0
0.0
0.0
0.0
0.0
0.0
0.0
0.0
0.0
0.0
0.0
0.0
0.0
0.0
0.0
0.0
0.0
0.0
0.0
0.0
0.0
0.0
0.0
0.0
0.0
0.0
0.0
0.0
0.0
0.0
0.0
0.0
0.0
0.0
0.0
0.0
0.0
0.0
0.0
0.0
0.0
0.0
0.0
0.0
0.0
0.0
0.0
0.0
0.0
0.0
0.0
0.0
0.0
0.0
0.0
0.0
0.0
0.0
0.0
0.0
0.0
0.0
0.0
0.0
0.0
0.0
0.0
0.0
0.0
0.0
0.0
0.0
0.0
0.0
0.0
0.0
0.0
0.0
0.0
0.0
0.0
0.0
0.0
0.0
0.0
0.0
0.0
0.0
0.0
0.0
0.0
0.0
0.0
0.0
0.0
0.0
0.0
0.0
0.0
0.0
0.0
0.031682122666666666
0.06273689727291726
0.09317674614262979
0.12301384562118918
0.1522601309461878
0.18092730102167956
0.2090268230978976
0.23656993735830725
0.2635676614158292
0.2900307947200317
0.31596992287705405
0.3413954218839907
0.36631746227942796
0.39074601321179536
0.41469084642715764
0.43816154017804365
0.4611674830548751
0.4837178777415277
0.5058217446965276
0.5274879257613551
0.5487250876972987
0.5695417256522758
0.5899461665590047
0.6099465724658888
0.6295509438019448
0.6487671225770808
0.6676027955190054
0.6860654971480203
0.70416261279093
0.72190138153527
0.7392888991250388
0.7563321207990902
0.7730378640733213
0.7894128114677699
0.8054635131797114
0.8211963897038257
0.8366177344004796
0.8517337160131558
0.8665503811360321
0.8810736566326997
0.8953093520069877
0.9092631617268423
0.9229406675021896
0.9363473405176941
0.9494885436213053
0.962369533469469
0.974995462629859
0.9873713816424741
0.9995022410399201
1.01139289332769
1.0230480949252299
1.034472508068571
1.045670702675286
1.0566471581725165
1.0674062652888041
1.0779523278104406
1.088289564303039
1.0984221097990168
1.108354017451664
1.1180892601564578
1.127631732140275
1.136985250519133
1.1461535568250885
1.1551403185028997
1.163949130377053
1.172583516089741
1.1810469295103663
1.1893427561171346
1.1974743143512923
1.2054448569445464
1.2132575722202008
1.2209155853685283
1.2284219596968882
1.23577969785509
1.2429917430364934
1.250060980155325
1.2569902370006827
1.263782285367688
1.2704398421662426
1.276965570507827
1.283362080770782
1.2896319316444933
1.295777631152903
1.3018016376577515
1.3077063608419555
1.3134941626735126
1.3191673583503212
1.3247282172262893
1.3301789637191073
1.3355217782000437
1.3407587978661237
1.345892117595036
1.3509237907831115
1.35585583016671
1.3606902086273411
1.365428859980843
1.3700736797509347
1.374626525927451
1.3790892197095632
1.3834635462342824
1.3877512552905389
1.3919540620191209
1.3960736475987534
1.4001116599185923
1.4040697142374021
1.4079493938296808
1.4117522506189906
1.4154798057987488
1.4191335504407245
1.4227149460914879
1.4262254253570479
1.429666392475914
1.4330392238808103
1.4363452687492666
1.4395858495433078
1.4427622625384566
1.4458757783422602
1.4489276424025508
1.4519190755056413
1.454851274264656
1.457725411598192
1.4605426371995016
1.4633040779963862
1.466010838601981
1.468664001756616
1.471264628760926
1.4738137599003853
1.4763124148614362
1.478761593139376
1.4811622744381696
1.4835154190623432
1.4858219683011196
1.4880828448049461
1.4902989529545674
1.4924711792227894
1.4946003925290803
1.4966874445871503
1.4987331702456483
1.5007383878221119
1.5027038994303061
1.5046304913010795
1.5065189340968663
1.5083699832199624
1.510184379114696
1.5119628475636155
1.5137060999778116
1.5154148336814917
1.5170897321909187
1.5187314654878272
1.5203406902874241
1.521918050301084
1.5234641764938426
1.5249796873367905
1.52646518905447
1.5279212758673741
1.5293485302296408
1.5307475230620438
1.532118813980368
1.5334629515192635
1.5347804733516663
1.5360719065038753
1.5373377675663693
1.5385785629004503
1.5397947888407946
1.5409869318939937
1.542155468933163
1.5433008673886974
1.5444235854352504
1.545524072175009
1.5466027678173413
1.547660103854886
1.5486965032361548
1.549712380534718
1.550708142115039
1.5516841862950261
1.552640903505364
1.5535786764456925
1.5544978802376903
1.5553988825751295
1.5562820438709577
1.5571477174014678
1.5579962494476136
1.5588279794335267
1.5596432400622902
1.560442357449025
1.56122565125134
1.5619934347971995
1.5627460152102581
1.5634836935327148
1.5642067648457336
1.56491551838748
1.5656102376688203
1.566291200586729
1.5669586795354524
1.567612941515469
1.5682542482402935
1.5688828562411663
1.5694990169696685
1.5701029768983066
1.5706949776191041
1.5712752559402423
1.571844043980786
1.5724015692635347
1.5729480548060348
1.5734837192097892
1.5740087767477013
1.5745234374497863
1.5750279071871869
1.5755223877545237
1.5760070769506163
1.5764821686576054
1.5769478529185077
1.5774043160132363
1.577851740533115
1.5782903054539168
1.5787201862074574
1.5791415547517693
1.5795545796398882
1.579959426087276
1.5803562560379094
1.580745228229059
1.5811264982547875
1.5815002186281883
1.5818665388423936
1.5822256054303727
1.582577562023548
1.5829225494092496
1.583260705587031
1.5835921658238716
1.5839170627082857
1.5842355262033585
1.584547683698734
1.5848536600615721
1.5851535776864973
1.5854475565445583
1.5857357142312176
1.5860181660133919
1.5862950248755598
1.5865664015649574
1.5868324046358786
1.5870931404930981
1.587348713434435
1.5875992256924734
1.5878447774754563
1.5880854670073707
1.5883213905672386
1.588552642527629
1.5887793153924097
1.5890014998337483
1.5892192847283837
1.5894327571931772
1.5896420026199611
1.5898471047096958
1.5900481455059516
1.5902452054277274
1.5904383633016193
1.5906276963933519
1.5908132804386863
1.590995189673715
1.591173496864557
1.5913482733364663
1.5915195890023617
1.5916875123907934
1.5918521106733559
1.5920134496915566
1.5921715939831538
1.5923266068079727
1.5924785501732097
1.592627484858237
1.5927734704389138
1.5929165653114192
1.5930568267156098
1.5931943107579172
1.5933290724337914
1.5934611656496995
1.5935906432446891
1.5937175570115243
1.593841957717404
1.5939638951242687
1.5940834180087073
1.594200574181467
1.5943154105065789
1.594427972920104
1.5945383064485086
1.5946464552266748
1.594752462515556
1.5948563707194812
1.594958221403117
1.5950580553080949
1.5951559123693078
1.595251831730885
1.5953458517618502
1.595438010071469
1.5955283435242937
1.5956168882549102
1.5957036796823911
1.5957887525244647
1.595872140811402
1.5959538778996294
1.596033996485072
1.5961125286162323
1.5961895057070097
1.5962649585492668
1.5963389173251463
1.5964114116191448
1.5964824704299463
1.5965521221820225
1.596620394737003
1.59668731540482
1.5967529109546328
1.5968172076255358
1.5968802311370547
1.5969420066994344
1.5970025590237233
1.5970619123316587
1.5971200903653548
1.597177116396801
1.59723301323717
1.597287803245943
1.5973415083398543
1.5973941500016575
1.597445749288719
1.5974963268414417
1.5975459028915209
1.5975944972700376
1.597642129415391
1.5976888183810747
1.597734582843297
1.5977794411084532
1.5978234111204472
1.5978665104678702
1.597908756391036
1.5979501657888766
1.5979907552257036
1.5980305409378326
1.5980695388400792
1.598107764532124
1.5981452333047537
1.5981819601459768
1.5982179597470194
1.5982532465082018
1.598287834544699
1.5983217376921868
1.5983549695123762
1.5983875432984382
1.5984194720803218
1.5984507686299652
1.5984814454664054
1.5985115148607862
1.5985409888412663
1.5985698791978307
1.5985981974870072
1.5986259550364892
1.5986531629496663
1.5986798321100668
1.5987059731857103
1.5987315966333755
1.598756712702783
1.5987813314406958
1.598805462694937
1.5988291161183301
1.5988523011725597
1.5988750271319567
1.598897303087208
1.5989191379489924
1.598940540451546
1.598961519156155
1.598982082454581
1.5990022385724176
1.5990219955723806
1.5990413613575334
1.5990603436744482
1.5990789501163047
1.5990971881259282
1.599115064998765
1.5991325878858034
1.5991497637964311
1.5991665996012419
1.5991831020347818
1.5991992776982444
1.5992151330621107
1.5992306744687377
1.5992459081348953
1.599260840154253
1.5992754764998174
1.5992898230263222
1.5993038854725692
1.5993176694637243
1.5993311805135677
1.5993444240266996
1.5993574053007018
1.599370129528257
1.5993826017992256
1.5993948271026825
1.599406810328912
1.5994185562713645
1.5994300696285735
1.5994413550060353
1.5994524169180515
1.5994632597895344
1.599473887957777
1.5994843056741883
1.5994945171059938
1.5995045263379024
1.5995143373737404
1.5995239541380528
1.5995333804776735
1.599542620163264
1.599551676890822
### END
