### NP, NF, NT, dt
3 3 660 0.4
### promoter data
#   name
#   type, strength, number of genes
#   factor name
#   k, n
###
pA
0 3.0 1
A
0.06 2
pB
0 1.5 1
B
0.05 2
pC
0 2.0 1
C
0.1 2
### factor data
#   name
#   degeneration, copy rate, number of genes
#   initial value
#   input type, timing, strength
###
A
0.05 0.3 1
0.0
0 0.0 1.0
B
0.05 0.4 1
0.0
0 0.0 1.0
C
0.05 0.1 1
0.0
0 0.0 1.0
### input type
1
### input data
### factor:0
0.0
0.044763001380714484
0.04820002186952445
0.049858621554020925
0.05099363736753517
0.05189370704544222
0.052669601096464326
0.05337568137971077
0.054042925810015505
0.05469088867674892
0.05533288347708971
0.055978526730034006
0.056635106924839716
0.05730837545077051
0.058003030158353786
0.05872302495891657
0.05947177579418965
0.06025230216867566
0.06106732712541166
0.061919349562589716
0.06281069762516348
0.06374356882576768
0.06472006065170754
0.06574219421164239
0.06681193269304117
0.06793119588070468
0.06910187163281364
0.07032582496597334
0.07160490522813535
0.07294095171472767
0.07433579799355042
0.07579127513784524
0.07730921401755637
0.0788914467614626
0.080539807474294
0.08225613227085074
0.0840422586718696
0.08590002439275735
0.08783126554547274
0.08983781426516714
0.0919214957662301
0.09408412482679733
0.09632750169631753
0.09865340741726689
0.10106359854941818
0.10355980128312904
0.10614370492685508
0.10881695475348604
0.11158114419013217
0.11443780633665744
0.11738840479957822
0.1204343238299433
0.12357685775651597
0.12681719970902453
0.13015642963047402
0.13359550158255967
0.13713523035412856
0.14077627738944126
0.14451913606071615
0.14836411631812413
0.1523113287600529
0.15636066817707944
0.1605117966346618
0.16476412617205635
0.16911680120832434
0.1735686807604375
0.17811832059331278
0.18276395543696475
0.1875034814216862
0.19233443889804386
0.1972539958242577
0.20225893191893857
0.2073456237918582
0.21251003127906481
0.21774768522083418
0.22305367693123793
0.22842264961606498
0.2338487920009797
0.23932583443366595
0.2448470477218153
0.25040524496271244
0.25599278660942765
0.2616015890028614
0.2672231365777899
0.27284849792439747
0.2784683458544235
0.2840729815829839
0.2896523630934794
0.2951961377040415
0.30069367880013864
0.3061341266398712
0.3115064330769103
0.3167994099819349
0.32200178107791944
0.3271022368389785
0.3320894920380984
0.3369523454674571
0.341679741297725
0.3462608314913206
0.3506850386406202
0.3549421185670607
0.3590222219922667
0.36291595457892833
0.36661443463806676
0.3701093478111736
0.3733929980608004
0.37645835434144764
0.3792990923736333
0.3819096310069971
0.38428516273205526
0.38642167798323973
0.3883159829663313
0.38996571083926884
0.3913693261743516
0.3925261227297129
0.393436214656268
0.39410052136082624
0.3945207463345395
0.3946993503363869
0.3946395193922883
0.3943451281303423
0.3938206990206134
0.39307135812323224
0.39210278797110415
0.3909211782233933
0.3895331747236623
0.3879458275829026
0.3861665388837604
0.38420301056931316
0.3820631930392007
0.379755234929271
0.3772874344996929
0.3746681930022345
0.3719059703415498
0.36900924328919776
0.36598646645393834
0.36284603615866107
0.35959625732397105
0.3562453134116948
0.3528012394388951
0.3492718980347672
0.34566495847923373
0.3419878786332342
0.3382478896465717
0.33445198330957754
0.33060690189956066
0.3267191303617221
0.3227948906565997
0.3188401381017946
0.31486055953433567
0.3108615731211739
0.30684832964858766
0.30282571512635614
0.2987983545490831
0.29477061666470544
0.2907466196087194
0.28673023727173824
0.28272510627744013
0.27873463345757
0.2747620037202666
0.27081018821745145
0.2668819527262278
0.2629798661681076
0.25910630919834343
0.255263482805636
0.2514534168699885
0.24767797863346167
0.2439388810450386
0.2402376909467421
0.23657583707356042
0.2329546178446529
0.22937520892773838
0.22583867056254284
0.2223459546327247
0.21889791147883145
0.2154952964476018
0.21213877617533786
0.20882893460516433
0.2055662787397901
0.2023512441329225
0.1991842001237774
0.1960654548202077
0.19299525983685617
0.18997381479545278
0.18700127159493676
0.18407773845950912
0.18120328377303047
0.17837793970838364
0.17560170566053745
0.17287455149208694
0.17019642060001966
0.16756723281237568
0.16498688712333962
0.16245526427513624
0.15997222919490015
0.15753763329446568
0.15515131664077542
0.15281311000434464
0.1505228367929444
0.14828031487738377
0.1460853583159842
0.14393777898404828
0.14183738811433425
0.13978399775425793
0.137777422145256
0.13581747902946154
0.13390399088856383
0.13203678611945197
0.13021570015097322
0.12844057650587823
0.1267112678117694
0.125027636764622
0.12338955704820644
0.12179691421250524
0.12024960651399032
0.11874754572040272
0.1172906578824607
0.11587888407470875
0.11451218110751274
0.11319052221200206
0.11191389769955891
0.11068231559725598
0.10949580226044786
0.10835440296352557
0.10725818246964891
0.1062072255800755
0.10520163766350907
0.10424154516569062
0.10332709609925461
0.10245846051366707
0.10163583094485243
0.10085942284390106
0.10012947498402727
0.09944624984471882
0.09881003397178208
0.09822113831174047
0.09767989851878842
0.09718667523223552
0.09674185432209774
0.09634584710020123
0.0959990904938608
0.09570204717887601
0.09545520566825669
0.09525908035274051
0.09511421148880288
0.09502116512947971
0.09498053299292862
0.09499293226324186
0.09505900531759802
0.09517941937339573
0.09535486604855573
0.09558606082770608
0.0958737424264824
0.09621867204568034
0.096621632506497
0.09708342725758973
0.09760487924417255
0.09818682962886409
0.09883013635350123
0.09953567253064614
0.10030432465304788
0.10113699060887767
0.10203457749015336
0.10299799918140624
0.10402817371533919
0.10512602038198655
0.10629245657772908
0.10752839438045458
0.10883473683720428
0.1102123739508209
0.1116621783524396
0.11318500064715316
0.11478166442086234
0.11645296089721262
0.11819964323464255
0.12002242045495265
0.12192195099646977
0.12389883588685784
0.12595361153293524
0.12808674212752688
0.13029861167642848
0.1325895156520138
0.13495965228389026
0.13740911350132176
0.13993787554689927
0.1425457892861569
0.1452325702435032
0.14799778840095362
0.15084085780269813
0.15376102601548378
0.15675736350210304
0.15982875297289761
0.1629738787880521
0.16619121649147814
0.16947902256518255
0.17283532450105704
0.176257911294891
0.1797443244749454
0.18329184978446916
0.18689750964390822
0.1905580565240585
0.1942699673658389
0.1980294391854952
0.2018323860056686
0.20567443725265375
0.20955093775811295
0.21345694949930202
0.2173872552053095
0.22133636394775308
0.22529851882268445
0.22926770681603514
0.2332376709277519
0.23720192460983275
0.2411537685508608
0.24508630981449017
0.24899248331188076
0.25286507555860593
0.25669675063543707
0.26048007824009056
0.26420756368402526
0.2678716796552839
0.2714648995358199
0.2749797320304229
0.2784087568349584
0.28174466104488965
0.2849802759816566
0.28810861409512534
0.29112290558561293
0.2940166343794797
0.2967835730884173
0.2994178165846719
0.301913813832733
0.30426639763253455
0.30647081194986503
0.30852273653619466
0.31041830857209396
0.312154141105269
0.3137273380952737
0.315135505921361
0.3163767612567909
0.31744973526124043
0.3183535740917472
0.31908793578083017
0.31965298357707966
0.32004937588763827
0.32027825300274954
0.3203412208191734
0.3202403318111305
0.3199780635240548
0.319557294887469
0.3189812806585743
0.3182536243176312
0.3173782497400228
0.31635937196828334
0.31520146740070965
0.31390924370191475
0.31248760972537337
0.3109416457192438
0.3092765740651596
0.3074977307759099
0.30561053795260745
0.3036204773756874
0.3015330653774646
0.2993538291175273
0.2970882843564278
0.29474191479834505
0.29232015304997877
0.2898283632211573
0.28727182517269795
0.28465572039909365
0.2819851195176876
0.2792649713221701
0.27650009334646686
0.2736951638753313
0.2708547153301134
0.2679831289521399
0.26508463070177296
0.26216328828836705
0.2592230092448638
0.2562675399604953
0.2533004655858479
0.2503252107262203
0.24734504084164424
0.24436306427498677
0.24138223483309215
0.23840535484983022
0.23543507866409663
0.23247391645016022
0.22952423834219615
0.22658827879930774
0.22366814116176656
0.22076580235353951
0.21788311769038124
0.21502182575682016
0.21218355331922964
0.20936982024583578
0.2065820444079565
0.2038215465399855
0.2010895550386269
0.19838721068465165
0.19571557127298794
0.19307561613928217
0.19046825057317948
0.18789431011048552
0.18535456469809122
0.18284972272708205
0.18038043493082395
0.17794729814603047
0.1755508589358806
0.17319161707518768
0.17087002889842437
0.16858651051210105
0.16634144087358171
0.1641351647389152
0.16196799548266752
0.15984021779307162
0.15775209024607398
0.15570384776205742
0.1536957039491656
0.1517278533372518
0.14980047350652895
0.1479137271150143
0.1460677638288455
0.14426272215949953
0.1424987312118753
0.14077591234710865
0.13909438076387745
0.13745424700182832
0.13585561837061497
0.13429860030788757
0.13278329766940955
0.13130981595430907
0.12987826246829517
0.12848874742748576
0.12714138500530725
0.12583629432473356
0.12457360039793677
0.12335343501522364
0.12217593758492992
0.12104125592574173
0.11994954701270587
0.11890097767798266
0.11789572526718377
0.11693397825192349
0.11601593679899563
0.11514181329636901
0.11431183283597202
0.11352623365301119
0.11278526752133917
0.11208920010415474
0.11143831125908013
0.11083289529641951
0.1102732611891565
0.10975973273299801
0.10929264865451639
0.10887236266518181
0.10849924345881175
0.10817367464969557
0.10789605464837805
0.10766679647180848
0.10748632748428125
0.10735508906530992
0.10727353620029247
0.10724213698953884
0.10726137207094845
0.10733173395134193
0.10745372624117466
0.10762786278708823
0.10785466669649517
0.10813466924814279
0.10846840868236966
0.10885642886455499
0.10929927781507225
0.10979750609889927
0.11035166506791172
0.11096230494880262
0.11162997276953346
0.11235521011723956
0.1131385507205915
0.11398051784976414
0.11488162152739413
0.11584235554422398
0.11686319427354798
0.11794458927910148
0.11908696571168054
0.12029071849055717
0.12155620826667528
0.12288375716568646
0.1242736443101245
0.12572610112143265
0.1272413064041596
0.12881938121643785
0.13046038353285952
0.13216430270807736
0.13393105375188627
0.13576047142918704
0.1376523042010975
0.1396062080265547
0.14162174004703668
0.14369835218051244
0.14583538465438936
0.14803205951104248
0.150287474123458
0.15260059476256474
0.1549702502619255
0.15739512582956539
0.15987375706077228
0.16240452420965462
0.16498564678101035
0.1676151785075772
0.17029100278091086
0.17301082860688635
0.17577218715904724
0.17857242900463602
0.1814087220790304
0.18427805048438292
0.187177214187417
0.19010282968947728
0.19305133173897993
0.19601897615227998
0.19900184380360547
0.2019958458380518
0.20499673015365763
0.20800008918928603
0.21100136904443212
0.2139958799452171
0.21697880805778366
0.21994522863618932
0.22289012047684054
0.22580838163569814
0.22869484634811627
0.2315443030744893
0.2343515135781378
0.23711123292534902
0.2398182302815065
0.24246731036211053
0.24505333538352925
0.24757124734584685
0.2500160904694964
0.2523830335987692
0.25466739237903707
0.25686465101083017
0.2589704833829567
0.26098077338875586
0.26289163423440665
0.2646994265559773
0.2664007751725282
0.26799258431595185
0.26947205119414996
0.2708366777623618
0.27208428059765627
0.27321299879343014
0.2742212998138185
0.2751079832717949
0.2758721826189785
0.27651336475932065
0.2770313276224787
0.27742619575536787
0.277698414011727
0.2778487394391773
0.27787823148089297
0.27778824062437896
0.27758039564277515
0.27725658958443683
0.27681896467421535
0.2762698962948649
0.2756119762193815
0.2748479952649415
0.2739809255365979
0.2730139024242011
0.27195020650936574
0.2707932455309466
0.26954653654768473
0.2682136884257114
0.2667983847667236
0.26530436738014457
0.26373542038971054
0.26209535505191833
0.2603879953508576
0.2586171644213207
0.2567866718399136
0.2549003018123224
0.25296180227404075
0.2509748749118256
0.2489431661039886
0.24687025876938817
0.2447596651076877
0.24261482020708733
0.24043907649030608
0.23823569896505886
0.23600786124159762
0.23375864227701754
0.23149102380391146
0.2292078883995238
0.2269120181507477
0.2246060938700568
0.22229269481770103
0.21997429888615963
0.21765328320387034
0.2153319251165844
0.21301240350627523
0.21069680040930408
0.20838710289747156
0.2060852051876177
0.20379291094753627
0.20151193576811005
0.1992439097737212
0.19699038034512292
0.19475281493105104
0.19253260392689256
0.19033106360069646
0.18814943904869916
0.18598890716433608
0.18385057960641343
0.1817355057537174
0.1796446756348406
0.17757902282340346
0.1755394272901462
0.17352671820456272
0.17154167667984632
0.1695850384559209
0.16765749651624262
0.16575970363488302
0.16389227485114594
0.16205578986963573
0.16025079538428402
0.15847780732536448
0.1567373130289829
0.1550297733289278
0.15335562457110985
0.15171528055110994
0.1501091343756021
0.14853756024861867
0.14700091518378872
0.14549954064380835
0.14403376410849544
0.14260390057284714
0.1412102539765569
0.13985311856646135
0.13853278019337992
0.13724951754478293
0.136003603314678
0.13479530531204417
0.13362488750906673
0.13249261103033833
0.131398735084091
0.130343517836414
0.1293272172292923
0.12835009174317222
0.1274124011046259
0.12651440693954275
0.12565637337212843
0.1248385675698372
0.12406126023420554
0.12332472603739061
0.12262924400405148
0.12197509783803936
0.12136257619319132
0.12079197288734525
0.12026358705851749
### factor:1
0.0
0.25456397878289266
0.37750903598887253
0.43783821202291107
0.4703844354029952
0.4888146652587844
0.4991977702876236
0.5045912632049836
0.5066959081641058
0.5065327258154063
0.5047522833962195
0.5017892386433835
0.4979453781147702
0.49343697248906726
0.4884231536241126
0.4830236441247636
0.47733023633450583
0.4714144564459329
0.46533282047232016
0.45913052459170084
0.452844090796333
0.4465032991588864
0.44013262278918874
0.4337523096097017
0.4273792090594709
0.4210274117507262
0.4147087500387783
0.40843319384142357
0.4022091666375913
0.39604379998096223
0.38994314017648163
0.3839123173914721
0.37795568501198085
0.37207693524080127
0.3662791955822074
0.3605651098419009
0.3549369064989814
0.3493964567158893
0.3439453237961849
0.3385848055452949
0.3333159707114526
0.3281396904648652
0.32305666569913544
0.318067450799981
0.313172474414642
0.30837205766516707
0.3036664301755158
0.29905574422262404
0.29454008727253794
0.2901194931223117
0.285793951834917
0.2815634186266075
0.2774278218429744
0.273387070140478
0.26944105897387793
0.26558967647616527
0.2618328088058878
0.2581703450267984
0.25460218157625286
0.2511282263714998
0.247748402596749
0.24446265220850627
0.24127093919199374
0.2381732525974218
0.23516960938134623
0.23226005707525568
0.22944467630082385
0.22672358314886995
0.22409693143695542
0.22156491485866184
0.21912776903591097
0.21678577348417227
0.21453925349903188
0.2123885819713458
0.21033418113705027
0.20837652426663855
0.20651613729831647
0.20475360041791152
0.20308954958771486
0.20152467802557594
0.20005973763473284
0.19869554038404172
0.19743295963745713
0.196272931430803
0.19521645569305826
0.19426459740855256
0.19341848771562015
0.1926793249363935
0.19204837553152013
0.19152697497265833
0.1911165285246434
0.19081851192820934
0.19063447197310426
0.1905660269503412
0.19061486697118085
0.19078275413924764
0.19107152256092877
0.19148307817790303
0.1920193984042863
0.1926825315494679
0.19347459600624442
0.1943977791823425
0.1954543361518565
0.1966465880015226
0.19797691984510862
0.19944777847753128
0.20106166963862723
0.20282115485481406
0.20472884782519898
0.2067874103170413
0.2089995475338717
0.2113680029180422
0.21389555234804908
0.21658499768967213
0.21943915965884037
0.22246086995320652
0.22565296260873613
0.22901826453723811
0.23255958520073974
0.23627970537899554
0.24018136498728346
0.24426724990305032
0.24853997776199532
0.25300208268690494
0.25765599891605384
0.26250404330235266
0.2675483966597371
0.2727910839396459
0.278233953227909
0.28387865356105346
0.2897266115710032
0.2957790069784805
0.30203674696816907
0.30850043949292116
0.3151703655700153
0.3220464506497093
0.32912823515507006
0.3364148443122542
0.3439049574119847
0.35159677666580097
0.3594879958445977
0.36757576891179955
0.3758566788889933
0.384326707217635
0.3929812039062106
0.4018148587775142
0.4108216741550419
0.41999493935033677
0.42932720733386753
0.43881027399003736
0.44843516037152253
0.45819209837862057
0.4680705202949234
0.47805905261069626
0.4881455145591344
0.4983169217775238
0.5085594954846423
0.5188586775369948
0.5291991516892749
0.5395648713385274
0.5499390939767487
0.560304422513209
0.5706428535559015
0.5809358326617691
0.5911643164784949
0.6013088416077034
0.611349599921682
0.6212665199647259
0.6310393539676769
0.640647769902127
0.6500714479012059
0.6592901802791002
0.6682839742937813
0.6770331567191282
0.6855184792260033
0.6937212235189381
0.7016233051378481
0.7092073748142017
0.7164569162695951
0.7233563393625692
0.729891067527119
0.7360476185035707
0.7418136774386809
0.7471781615257633
0.7521312754656944
0.7566645571536099
0.7607709131314242
0.7644446434900385
0.7676814560541037
0.7704784698331233
0.7728342078721645
0.7747485797801767
0.7762228543507756
0.7772596228164619
0.7778627533901219
0.7780373378452256
0.777789630966815
0.7771269837681052
0.7760577714117534
0.7745913168005907
0.7727378108103208
0.7705082301273006
0.7679142536293402
0.7649681782081182
0.7616828348801833
0.7580715059716194
0.7541478440914392
0.7499257935327407
0.745419514660728
0.7406433117648106
0.7356115647699886
0.730338665122224
0.7248389560849061
0.7191266776100196
0.7132159158791663
0.7071205575468862
0.700854248662269
0.6944303581949319
0.6878619460481691
0.6811617354054001
0.6743420892257774
0.6674149906806397
0.6603920273040582
0.6532843786175434
0.6461028069805892
0.6388576514146016
0.6315588241473755
0.6242158096281244
0.616837665768641
0.6094330271739866
0.6020101101357461
0.5945767191719241
0.5871402549096397
0.5797077231195686
0.5722857447242996
0.564880566616169
0.5574980731334979
0.5501437980573124
0.5428229370034322
0.5355403600971447
0.5283006248294697
0.5211079890051812
0.5139664237032533
0.5068796261802083
0.4998510326559505
0.4928838309300739
0.4859809727843418
0.47914518613407064
0.4723789868975356
0.4656846905582779
0.45906442340036774
0.4525201334012974
0.44605360077128153
0.43966644813136657
0.4333601503259288
0.427136043867916
0.4209953360175884
0.4149391134975788
0.40896835084885164
0.403083918433625
0.3972865900925583
0.3915770504645281
0.3859559019781404
0.38042367152477924
0.3749808168234971
0.3696277324884197
0.3643647558095961
0.35919217225837924
0.35411022072849196
0.34911909852392975
0.3442189661047834
0.33940995160194315
0.3346921551114773
0.3300656527792736
0.32553050068628875
0.3210867385444867
0.31673439321325164
0.3124734820457526
0.3083040160744059
0.30422600304423886
0.3002394503026026
0.29634436755331406
0.292540769482934
0.2888286782664999
0.2852081259596459
0.28167915678364247
0.2782418293094861
0.2748962185467634
0.27164241794260097
0.26848054129559784
0.26541072458921716
0.2624331277486923
0.2595479363250748
0.2567553631096229
0.2540556496812962
0.25144906788968274
0.2489359212752452
0.24651654642832324
0.24419131428787857
0.2419606313805079
0.23982494099978277
0.23778472432549932
0.23584050148193592
0.23399283253371936
0.23224231841739212
0.23058960180625102
0.22903536790548917
0.22758034517412085
0.22622530596959614
0.22497106711042297
0.2238184903515029
0.22276848276625574
0.2218219970289544
0.22098003159001392
0.22024363073627984
0.2196138845276358
0.21909192860050447
0.21867894382804504
0.21837615582605766
0.21818483429279328
0.21810629217003408
0.2181418846119627
0.2182930077474775
0.2185610972207406
0.21894762649387398
0.21945410489484715
0.22008207539273916
0.22083311208171538
0.22170881735424347
0.2227108187432972
0.22384076541257192
0.22510032427307658
0.22649117570389118
0.22801500885440157
0.22967351650496814
0.23146838946277126
0.23340131046952944
0.2354739475979331
0.2376879471140047
0.24004492578321762
0.24254646259911214
0.2451940899143747
0.24798928395593023
0.25093345470757733
0.25402793514610883
0.2572739698197505
0.2606727027611517
0.2642251647311206
0.26793225979384616
0.27179475122952707
0.2758132467961706
0.27998818335885284
0.2843198109119767
0.2888081760280348
0.2934531047750907
0.2982541851546268
0.30321074912155727
0.30832185425903147
0.31358626519212035
0.319002434836507
0.324568485590815
0.3302821905940934
0.33614095518309994
0.3421417986972352
0.348281336792087
0.35455576443534836
0.36096083977113264
0.3674918690501684
0.3741436928337343
0.38091067368818443
0.3877866855942006
0.3947651053001535
0.4018388058518281
0.4090001525309219
0.4162410014318391
0.4235527009000534
0.4309260960454266
0.43835153653008607
0.4458188878125938
0.45331754600803853
0.46083645649728355
0.4683641363879217
0.4758887008946302
0.48339789366779123
0.4908791210567574
0.49831949024842553
0.5057058511733679
0.5130248420213099
0.5202629381559846
0.5274065041671877
0.5344418487461372
0.5413552820199926
0.5481331749336702
0.5547620202229437
0.5612284944833192
0.5675195208053204
0.573622331419582
0.5795245297753727
0.5852141514645871
0.5906797234004282
0.5959103206663512
0.6008956204665354
0.6056259526341926
0.6100923461881452
0.6142865714708708
0.6182011774519064
0.6218295238382653
0.6251658076972672
0.6282050843656833
0.630943282491024
0.6333772131247
0.6355045728612075
0.6373239410909469
0.6388347715053485
0.6400373780603129
0.6409329156663345
0.641523355930004
0.6418114583209726
0.641800737180213
0.6414954250190383
0.6409004325835668
0.6400213061760769
0.638864182733126
0.6374357431607229
0.6357431644197394
0.6337940708407332
0.6315964851271871
0.6291587794806448
0.6264896272512352
0.623597955483509
0.6204928986912686
0.617183754157032
0.6136799390127549
0.6099909493192222
0.6061263213227979
0.602095595030609
0.5979082802092498
0.5935738248781647
0.5891015863373417
0.5845008047400676
0.5797805791954419
0.5749498463622025
0.5700173614752169
0.5649916817286966
0.5598811519257211
0.5546938922918826
0.5494377883416319
0.544120482679024
0.5387493686098471
0.5333315854393459
0.5278740153287134
0.522383281584011
0.5168657482529738
0.5113275209080683
0.5057744484980069
0.5002121261545042
0.4946458988462338
0.48908086577755394
0.4835218854354886
0.47797358119456596
0.4724403473953173
0.466926355818448
0.4614355624828296
0.4559717147014699
0.4505383583354409
0.44513884519134994
0.4397763405132908
0.43445383052529063
0.4291741299850554
0.4239398897143088
0.4187536040752067
0.4136176183661956
0.4085341361142746
0.40350522624391766
0.3985328301059348
0.3936187683522997
0.3887647476454665
0.3839723671929517
0.37924312509998015
0.37457842453480583
0.3699795797029298
0.36544782162786443
0.36098430373735035
0.3565901072550296
0.352266246398535
0.3480136733857764
0.3438332832519059
0.33972591848003486
0.335692373449267
0.33173339870400925
0.32784970504884187
0.3240419674734688
0.3203108289124447
0.3166569038444888
0.31308078173625115
0.3095830303354073
0.30616419881791634
0.30282482079420114
0.2995654171788916
0.29638649892862295
0.29328856965220046
0.2902721280972346
0.2873376705171172
0.28448569292195186
0.28171669321677767
0.2790311732301265
0.2764296406356407
0.27391261076914963
0.2714806083432563
0.26913416906112736
0.26687384113080737
0.264700186680994
0.26261378307881356
0.26061522414973093
0.2587051212993081
0.2568841045360985
0.2551528233945262
0.2535119477561515
0.25196216856726716
0.25050419845030486
0.24913877220605624
0.24786664720323145
0.2466886036513886
0.24560544475276966
0.2446179967280781
0.24372710871072342
0.24293365250354937
0.2422385221915475
0.241642633603545
0.2411469236153443
0.24075234928628536
0.24045988682070132
0.2402705303452518
0.24018529049264417
0.2402051927818013
0.2403312757841074
0.24056458906496672
0.2409061908895542
0.24135714568132338
0.24191852122158164
0.24259138557824642
0.2433768037517776
0.24427583402624364
0.2452895240135418
0.24641890637896055
0.2476649942365693
0.24902877620334996
0.25051121110157293
0.25211322229967525
0.2538356916828434
0.2556794532456511
0.2576452863004749
0.2597339082970227
0.2619459672501835
0.26428203377555365
0.26674259273444106
0.2693280344928985
0.27203864580241627
0.27487460031331745
0.2778359487356585
0.28092260866654967
0.28413435410727866
0.2874708046984383
0.29093141470642675
0.294515461800186
0.29822203566285144
0.30205002648907875
0.3059981134251509
0.3100647530155065
0.3142481677260122
0.3185463346210614
0.32295697427834125
0.3274775400317819
0.3321052076396841
0.33683686548120595
0.3416691053901547
0.34659821424023957
0.3516201664004637
0.35673061718301585
0.361924897408712
0.3671980092165848
0.3725446232444629
0.377959077306175
0.3834353766882095
0.38896719618412495
0.394547883978622
0.4001704674848524
0.4058276612281841
0.4115118768572141
0.41721523534831273
0.4229295814534178
0.4286465004222438
0.4343573370096401
0.4400532167566811
0.4457250695104081
0.4513636551222217
0.4569595912390484
0.4625033830749198
0.46798545502390043
0.4733961839487982
0.4787259339542451
0.4839650924280163
0.48910410711133756
0.49413352393790716
0.4990440253628784
0.503826468887573
0.5084719254736151
0.5129717175318529
0.5173174561671617
0.5215010773602238
0.5255148767717926
0.5293515428638412
0.5330041880453056
0.5364663775677645
0.5397321559180893
0.5427960704805621
0.5456531922697793
0.5482991335673677
0.5507300623295904
0.5529427132687262
0.5549343955480363
0.5567029970675367
0.5582469853550242
0.5595654051132082
0.5606578725087825
0.5615245663222446
0.5621662161077335
0.5625840875396643
0.5627799651471124
0.5627561326574724
0.5625153511876677
0.5620608355340259
0.5613962288208197
0.5605255757724735
0.5594532948756674
0.5581841496952563
0.5567232196022895
0.5550758701638036
0.5532477234327801
0.5512446283631073
0.5490726315589215
0.5467379485507364
0.5442469357726714
0.5416060633962404
0.5388218891569151
0.5359010332903482
0.5328501546760447
0.52967592826765
0.5263850238711225
0.5229840863150538
0.5194797170414589
0.5158784571305897
0.512186771759816
0.508411036084428
0.5045575225173583
0.5006323893753101
0.4966416708505798
0.49259126826094735
0.48848694252430286
0.4843343078001365
### factor:2
0.0
0.08725659982459381
0.15941763621779712
0.2274197173627639
0.2925117939904469
0.3551753222330464
0.4156654068875627
0.4741396103334338
0.5307042741387973
0.5854353252553678
0.6383890576451852
0.6896083137357304
0.7391263095207926
0.7869691493182245
0.8331575639762718
0.8777081649745272
0.9206343840704628
0.9619472016282947
1.0016557288052033
1.0397676861168212
1.07628980685211
1.1112281847873289
1.1445885796769133
1.1763766899331463
1.2065983990668376
1.2352600004322787
1.2623684033414058
1.2879313225183622
1.3119574520487183
1.3344566243666043
1.3554399543706286
1.374919968433753
1.3929107178512155
1.4094278761384125
1.4244888195355874
1.4381126900887076
1.450320440747698
1.4611348620462634
1.4705805900938937
1.4786840958119332
1.4854736555731123
1.4909793036485919
1.4952327671190895
1.4982673841578433
1.500118006834118
1.5008208898084026
1.5004135664870488
1.4989347143686669
1.4964240114423375
1.49292198558535
1.4884698589540384
1.4831093893652743
1.4768827106296663
1.4698321737232438
1.462000190576249
1.4534290821203746
1.4441609320747844
1.4342374477722664
1.4236998291357776
1.4125886467181377
1.400943729519105
1.3888040630993816
1.3762076983244826
1.3631916708963934
1.349791931670322
1.3360432876096515
1.3219793531057424
1.30763251128119
1.2930338848055731
1.2782133156812154
1.263199353402174
1.2480192508514254
1.2326989672776167
1.2172631776822653
1.2017352879492793
1.1861374550594865
1.1704906117518852
1.154814495019008
1.139127677854685
1.1234476037072672
1.1077906231288381
1.0921720321500694
1.0766061119502197
1.0611061694316228
1.0456845783471755
1.0303528206673365
1.0151215279095727
1.0000005221877375
0.9849988567713245
0.9701248559747636
0.9553861542248583
0.9407897341800523
0.9263419637985135
0.9120486322730659
0.8979149847698835
0.8839457559246839
0.8701452020650348
0.8565171321404519
0.8430649373533485
0.8297916194937202
0.8166998179888654
0.8037918356865633
0.7910696633960917
0.7785350032163825
0.7661892906845975
0.7540337157815629
0.7420692428329247
0.7302966293466764
0.7187164438289305
0.7073290826205546
0.6961347857976106
0.6851336521785097
0.6743256534804619
0.6637106476672114
0.6532883915292554
0.6430585525367738
0.6330207200043898
0.623174415605664
0.6135191032739208
0.6040541985246394
0.5947790772332331
0.5856930839005977
0.5767955394373577
0.5680857484962792
0.5595630063808652
0.5512266055567085
0.5430758417907571
0.5351100199422474
0.5273284594276952
0.5197304993809911
0.5123155035283428
0.5050828647965327
0.49803200967172023
0.49116240232480995
0.4844735485182384
0.4779649993078866
0.4716363545527202
0.46548726624367437
0.45951744166225156
0.4537266463782684
0.4481147070951855
0.4426815143504696
0.43742702507747067
0.4323512650343487
0.427454331104647
0.42273639347318465
0.41819769768002407
0.41383856655435863
0.40965940202925916
0.4056606868373133
0.40184298608628555
0.3982069487130183
0.3947533088128827
0.39148288684116844
0.38839659068187876
0.3854954165784609
0.38278044992006266
0.38025286587595036
0.37791392986976513
0.3757649978843196
0.3738075165866601
0.3720430232621301
0.3704731455451775
0.3690996009336521
0.3679241960723419
0.3669488257905015
0.36617547187714106
0.36560620157686796
0.36524316578811855
0.36508859694468754
0.3651448065605657
0.36541418241724155
0.3658991853718222
0.36660234576358774
0.3675262593959322
0.3686735830700671
0.37004702964639397
0.37164936260909726
0.37348339010929144
0.37555195846199124
0.37785794507227927
0.38040425076634266
0.3831937915035591
0.3862294894465524
0.38951426336713235
0.3930510183673033
0.39684263489608945
0.4008919570448114
0.40520178010566554
0.40977483738103954
0.41461378623394796
0.41972119337331587
0.4250995193715855
0.4307511024162812
0.43667814130174815
0.4428826776722854
0.44936657753331344
0.4561315120530559
0.4631789376834472
0.47051007563559116
0.4781258907520622
0.4860270698256233
0.49421399942149685
0.5026867432681112
0.511445019289209
0.5204881763582675
0.5298151708642874
0.5394245431860681
0.5493143941800219
0.5594823617943038
0.5699255979294445
0.5806407456726876
0.5916239170397396
0.602870671363558
0.6143759944750279
0.6261342788248212
0.6381393046993203
0.6503842226861342
0.662861537546384
0.6755630936515326
0.6884800621420349
0.7016029299634824
0.7149214909331805
0.7284248389862623
0.7421013637455081
0.7559387485530685
0.7699239710953252
0.7840433067442328
0.798282334729759
0.8126259472485443
0.8270583616037517
0.8415631354603267
0.8561231852886569
0.8707208080579507
0.8853377062286251
0.8999550160806348
0.9145533394020011
0.929112778548807
0.9436129748745645
0.9580331505130616
0.9723521534844562
0.9865485060793623
1.0006004564598083
1.0144860333990555
1.0281831040641352
1.0416694347254012
1.0549227542561865
1.0679208202626187
1.080641487658644
1.0930627794742243
1.1051629596554815
1.1169206075843232
1.1283146940119293
1.1393246580657128
1.1499304849533605
1.1601127839508587
1.1698528662247054
1.1791328220026065
1.1879355965728158
1.1962450645609666
1.2040461019059225
1.2113246549340722
1.218067805915834
1.2242638344801757
1.2299022742637942
1.2349739641823025
1.239471093732134
1.2433872417645124
1.2467174082170616
1.2494580383444158
1.2516070390561762
1.253163787048
1.2541291284983878
1.254505370198382
1.2542962620821039
1.2535069712307911
1.2521440475294405
1.2502153812609402
1.2477301530252065
1.2446987764679174
1.24113283439268
1.237045008909794
1.2324490063424167
1.227359477665449
1.2217919352928337
1.2157626670545605
1.2092886482153526
1.2023874523830065
1.195077162136335
1.1873762801716266
1.179303641723788
1.170878328965455
1.1621195880260384
1.1530467492047773
1.1436791508792352
1.1340360675351682
1.1241366422670473
1.1139998240223827
1.1036443097888144
1.093088491851998
1.082350410185664
1.0714477099737192
1.0603976042085212
1.0492168412599023
1.0379216772663886
1.0265278531634114
1.015050576133028
1.0035045052355682
0.9919037409653404
0.9802618184596855
0.9685917040827845
0.9569057951022
0.9452159221766521
0.9335333543774598
0.9218688064729135
0.9102324482140791
0.8986339153717093
0.8870823222866147
0.8755862757096374
0.864153889721914
0.8527928015411036
0.8415101880344209
0.8303127827744153
0.8192068934882906
0.808198419765997
0.7972928709062302
0.7864953837927325
0.7758107407058488
0.7652433869860827
0.7547974484774057
0.7444767486882692
0.7342848256176735
0.7242249482022465
0.7143001323481221
0.7045131565184947
0.6948665768541036
0.6853627418096044
0.6760038062938502
0.6667917453065809
0.6577283670679408
0.6488153256406521
0.6400541330476179
0.631446170890236
0.6229927014748253
0.6146948784563293
0.6065537570099031
0.5985703035421425
0.5907454049546061
0.583079877472943
0.5755744750553903
0.5682298973946813
0.5610467975275094
0.5540257890656641
0.5471674530627993
0.540472344530525
0.5339409986171569
0.527573936462016
0.5213716707376534
0.515334710891809
0.5094635681002793
0.5037587599412064
0.49822081480058844
0.4928502760180733
0.4876477057813334
0.482613688776528
0.47774883560155557
0.4730537859479742
0.4685292115566352
0.46417581895122895
0.4599943519530909
0.45598559397975413
0.45215037012887455
0.448489549048286
0.44500404459207554
0.44169481726170196
0.43856287543031175
0.4356092763475468
0.4328351269212757
0.4302415842718304
0.4278298560534868
0.42560120053709366
0.4235569264469385
0.42169839254413527
0.42002700694803974
0.41854422618644105
0.41725155396455077
0.41615053964211796
0.41524277640734314
0.4145298991356574
0.4140135819208754
0.41369553526573466
0.41357750291840495
0.41366125834119805
0.4139486007974416
0.4144413510423085
0.41514134660332674
0.41605043663634694
0.41717047634292276
0.41850332093538
0.4200508191363236
0.42181480619996903
0.42379709644350344
0.42599947527768756
0.42842369072712366
0.4310714444320419
0.4339443821251133
0.4370440835786942
0.44037205202004803
0.4439297030144964
0.4477183528191139
0.4517392062125198
0.4559933438095304
0.4604817088729176
0.4652050936382772
0.4701641251720311
0.4753592507868689
0.48079072304345943
0.4864585843720174
0.49236265135227525
0.4985024986955566
0.5048774429779507
0.5114865261790114
0.518328499085908
0.5254018046285047
0.5327045612163825
0.5402345461542994
0.5479891792179579
0.5559655064771474
0.5641601844583047
0.5725694647432178
0.5811891791049285
0.5900147252858094
0.5990410535262238
0.6082626539550852
0.6176735449559366
0.6272672626238321
0.6370368514292607
0.6469748562055716
0.6570733155757977
0.6673237569333951
0.6777171930892015
0.6882441206938482
0.6988945205409172
0.7096578598513321
0.7205230966337925
0.7314786862095299
0.7425125899822854
0.7536122865262069
0.7647647850553582
0.7759566413287428
0.7871739760342055
0.7984024956832939
0.8096275160371761
0.8208339880710264
0.8320065264709354
0.8431294406433752
0.8541867682025749
0.8651623108858393
0.8760396728308822
0.8868023011326552
0.8974335285799475
0.9079166184542357
0.9182348112549039
0.9283713731960906
0.9383096463011154
0.9480330999007978
0.957525383322131
0.9667703795338699
0.975752259495856
0.9844555369395521
0.9928651232886049
1.0009663824106048
1.0087451848749494
1.016187961377238
1.0232817549783557
1.0300142717968117
1.0363739297864163
1.0423499052284815
1.0479321765688294
1.0531115652353846
1.0578797730823446
1.062229416122118
1.0661540542265677
1.0696482165046417
1.0727074220941686
1.0753281961412349
1.0775080807808235
1.0792456409768163
1.0805404651274475
1.0813931603931304
1.0818053427564343
1.0817796218779638
1.081319580866009
1.0804297511310867
1.0791155825478775
1.0773834091955767
1.075240410992413
1.0726945715801777
1.0697546328493401
1.0664300465240681
1.062730923248804
1.0586679796336511
1.054252483724574
1.04949619936636
1.0444113299216016
1.0390104617979814
1.033306508219365
1.02731265365416
1.0210422992878019
1.0145090098957676
1.0077264624399729
1.0007083966755757
0.993468568017844
0.9860207028806034
0.9783784566595763
0.9705553744962898
0.9625648549217476
0.9544201164442349
0.9461341671128634
0.9377197770581056
0.929189453982866
0.9205554215527569
0.9118296006122985
0.9030235931347627
0.8941486687973198
0.8852157540599228
0.8762354236158802
0.8672178940741434
0.858173019727805
0.8491102902599561
0.8400388302366745
0.830967400237295
0.8219043994740216
0.8128578697561699
0.8038355006586648
0.7948446357596708
0.7858922798182095
0.7769851067691614
0.7681294684199907
0.7593314037407485
0.7505966486462654
0.7419306461768436
0.733338556991101
0.7248252700918368
0.7163954137128051
0.7080533663010556
0.6998032675359881
0.6916490293324284
0.6835943467808625
0.6756427089834266
0.6677974097493604
0.6600615581183615
0.6524380886846513
0.6449297716985763
0.637539222926231
0.6302689132509129
0.6231211780032279
0.6160982260093527
0.6092021483493715
0.602434926819725
0.5957984420956882
0.5892944815914184
0.5829247470165255
0.576690861629315
0.5705943771878649
0.5646367806009307
0.5588195002813482
0.5531439122051277
0.5476113456798297
0.5422230888260812
0.536980393776258
0.5318844815944189
0.5269365469215557
0.5221377623501162
0.5174892825315869
0.5129922480206787
0.5086477888593721
0.5044570279037333
0.5004210838960307
0.4965410742842627
0.49281811779075557
0.4892533367310166
0.48584785908353095
0.4826028203106779
0.4795193649304204
0.4765986478378893
0.47384183537545205
0.4712501061493223
0.46882465159024056
0.46656667625523945
0.46447739786700387
0.46255804708685166
0.4608098670168993
0.4592341124265426
0.45783204869798133
0.4566049504851523
0.45555410008011576
0.4546807854806663
0.4539862981527231
0.4534719304808962
0.45313897290053573
0.45298871070455515
0.45302242051838126
0.45324136643653756
0.45364679581461126
0.4542399347107033
0.45502198297091706
0.45599410895401554
0.4571574438910737
0.4585130758767825
0.4600620434900259
0.4618053290424647
0.4637438514551209
0.46587845876437367
0.46820992026035446
0.47073891826247094
0.4734660395386952
0.4763917663773285
0.47951646732219755
0.48284038758464637
0.4863636391482615
0.49008619058499703
0.49400785660424895
0.49812828735944736
0.5024469575398893
0.5069631552787995
0.511675970911971
0.5165842856247838
0.5216867600288982
0.5269818227134574
0.532467658819169
0.5381421986871598
0.5440031066379524
0.5500477699392906
0.5562732880247888
0.5626764620284649
0.5692537847031068
0.5760014307930694
0.5829152479344651
0.5899907481577629
0.5972231000694992
0.6046071217910963
0.6121372747336421
0.6198076582878708
0.6276120055084687
0.6355436798711772
0.6435956731799498
0.6517606046996242
0.660030721587161
0.6683979006914749
0.6768536517882152
0.6853891223115515
0.6939951036400582
0.7026620389881951
0.7113800329486304
0.7201388627237776
0.728927991077411
0.7377365810291195
0.7465535123056573
0.755367399553995
### END
